13947
28430
9184
31222
16186
8048
30656
7844
18867
17022
27369
27263
18769
1834
27206
20693
3326
10107
1736
17841
6293
30142
16004
25741
7717
8291
20768
17194
13867
29205
21142
1151
20641
288
30207
23927
27323
19420
28459
1914
5941
7982
11705
22007
30244
18755
26905
8963
22700
12144
672
4754
13737
1110
22888
28752
21122
26037
25391
12441
11786
12497
31594
8677
25854
4200
12184
14115
5737
30739
14982
25793
19602
14825
12073
27543
20407
10005
16564
29057
2203
18178
10971
16758
29562
11299
19052
15135
15574
13255
1450
10201
28490
6031
29535
14904
25799
27087
26714
7394
23756
4128
27897
624
23894
222
8858
25663
13400
10927
27251
596
12196
31399
13064
3074
13458
2053
11565
3469
18113
28079
7574
14538
5641
20800
8015
13530
31057
127
19929
14297
20272
32345
17067
13761
13216
9963
20511
32409
5717
20126
15954
19996
12979
17989
10148
10600
10244
23553
28063
3422
20638
32260
29057
32732
7532
29502
16245
27663
27234
28899
31880
7132
17548
2330
26424
17759
12109
5940
5641
21404
20364
19550
22705
2373
19667
2794
10107
22683
30099
13659
2315
24069
30788
23947
961
5163
19432
13233
19957
15598
19631
19548
22913
29599
6321
13299
21208
13598
2852
2409
30135
6219
4335
3565
27460
27782
1651
4508
26610
3492
25057
7839
8600
18119
4238
8456
14832
342
4343
28447
7383
10837
29142
22396
17809
23125
11738
6291
12677
15561
21862
15606
31408
32312
14490
14676
94
24185
5147
18559
22781
3350
30994
12480
15191
8466
23501
8891
21411
4426
22851
5527
9740
8350
16325
23155
30595
31594
6039
895
19605
27719
22033
10145
28874
2690
15019
25066
29409
13842
2789
7511
25722
24294
30113
24024
13422
16459
12574
32590
13976
27168
571
12570
20783
11128
2844
3280
23291
12784
9664
10270
4422
15872
4885
2278
31706
20835
4923
14971
4595
9657
15073
13119
3745
13704
19527
29781
15281
8030
89
4516
29845
16336
10379
32195
23817
7554
25271
4626
13590
5164
7816
12371
13920
707
5745
29895
27693
10073
6614
214
4311
27477
14642
16779
10761
26291
6265
1304
6359
28243
15027
25472
14013
21227
30063
8879
11230
15766
30287
1832
29298
19018
23938
21178
25788
14196
21402
29738
10648
3558
20691
31933
31831
24819
20191
15156
30369
28201
486
25814
31430
3230
10382
10904
4987
9277
30362
9046
4241
15826
22772
10179
12517
10944
31637
12376
11925
23676
6488
12546
8305
7872
11044
28256
3402
13391
26772
4470
1785
417
5689
21312
20767
27484
12192
23306
3620
8919
6748
12851
28075
10298
13742
25657
9587
22813
20160
16322
12590
8412
27659
32401
13525
16466
26581
8484
31277
22673
16485
23356
6958
10391
3830
23031
15076
1241
25091
23586
31556
26147
9729
12783
28424
10644
23116
20913
26354
28242
8176
276
30889
23816
3482
7019
20968
31718
28816
19810
13209
13462
5022
3982
21834
18087
7853
8712
4675
18085
10767
7046
20917
241
31458
20122
8803
23704
13894
28949
18311
16461
13435
13540
6449
5316
8274
9265
17948
6260
17865
14577
31283
30788
31123
23583
16570
17728
9721
17203
28785
19386
21908
9040
1915
16443
15669
1443
12401
5172
5753
10823
30360
16770
6597
3671
19407
17183
18989
10916
15340
23759
24027
32036
4930
31290
7134
19814
1761
25646
11814
3393
17657
26084
10668
8703
6195
24943
32268
9281
28756
17761
14633
20397
1407
10894
27921
14617
22633
11848
9693
29931
18460
21524
12572
762
4590
29391
16086
3572
12802
19177
16643
30929
1336
18474
314
12234
11657
10072
17314
1583
17629
17564
9611
28020
3019
26692
1841
25605
14968
18470
1952
26630
15
13646
27585
27339
1394
20963
27483
18914
28344
19319
7322
29428
3807
1724
16138
24762
10066
6720
9466
19845
12752
28640
14246
19129
5529
3364
2349
11571
10126
2478
16120
20966
11569
11469
31497
20912
15967
6123
31691
9900
8888
7304
21567
5131
3197
3329
29319
22389
26663
4477
26104
22105
3370
24652
24758
31285
23208
6447
250
24435
11166
26577
3475
30617
1530
13131
22918
18882
13933
1545
29014
30879
14316
8793
8693
31803
23978
31353
20676
8961
16314
30909
27814
13988
30602
18673
31414
31303
9849
1306
11768
7692
21131
23896
26949
231
7021
15304
26285
17665
31492
31920
18034
5164
9727
15256
14420
13884
27001
12361
12273
17315
20951
13215
19843
325
31773
3566
21989
19611
30319
13074
788
29603
4803
30174
29249
10817
23166
13673
18780
27241
17547
20546
22761
23526
8775
9974
10915
3488
14520
30214
17843
8095
10426
31349
16844
385
2657
1475
7768
26655
32008
16029
3662
22215
31920
21746
1165
30418
31706
23365
20938
24503
8688
16736
8959
14695
14282
32702
13325
25341
32422
29072
721
15840
28623
23464
8246
32588
1922
10229
3186
26437
7875
24504
28311
17013
22329
14393
23571
10387
5458
4710
12839
23535
27328
6074
22278
3434
952
19461
2203
11861
9700
14455
14160
7281
5857
21591
22268
31963
22572
29103
19837
27710
10523
19262
6952
2458
6341
30518
8748
20036
8713
11350
7126
7338
31479
16515
2525
14329
3438
32621
29822
7081
8283
30305
11313
29801
14740
28606
17388
26053
1720
28596
16751
14066
27719
32326
27584
20053
30227
4487
4253
4169
510
163
32702
13365
18229
12290
11598
6529
2587
10046
32004
19021
22150
21364
12450
12772
8821
22520
14432
29674
24101
8556
10
22352
27102
7369
5004
2824
31883
11942
16533
13362
29259
28172
694
17524
28226
19561
9900
12747
24087
24991
12531
23321
7156
28482
30093
17868
10814
3913
12175
9841
918
9820
13531
27372
1532
975
21447
2857
1757
20170
2397
401
4978
22251
13196
26199
8664
9949
8541
3014
18409
18401
18594
10144
5840
24661
8360
6096
11224
5413
22244
20871
13753
14075
29913
10252
19500
11109
20318
29895
26289
13143
25360
26685
9715
15561
31839
2800
17667
7475
9317
8978
10509
21258
28280
23861
7440
16896
15847
14529
14483
25365
14914
25459
26958
22910
13326
24504
738
26775
15311
13030
30138
10987
1811
17976
17712
30240
21907
31587
28933
11892
29310
21997
6488
9462
12452
10835
20006
26329
29512
21303
25885
30075
14343
548
22031
15111
28493
29790
6473
15360
17436
10341
11835
23129
23860
9213
32443
25558
14650
23804
19195
22605
28382
24196
21314
23891
19808
12509
15283
4833
11862
15608
30809
26973
2051
19763
8507
17710
11130
32727
9102
3596
22264
30531
3103
29975
27452
26351
9497
25564
19326
23765
29586
21310
18033
26203
13635
28055
2499
10293
23777
25942
16277
29730
15066
30664
3204
26536
26678
1342
27286
19051
27811
28973
32582
5976
19548
2427
12436
29078
20294
13205
19313
3301
19125
3402
18588
14100
15672
19641
17720
12502
313
27107
25573
30264
12479
2728
25721
26534
25959
7576
5129
13864
22976
27870
1621
2105
3598
22276
27156
1827
21539
2638
23903
14372
29837
29418
9890
12172
13506
28801
24173
25407
2473
1581
9204
4825
14182
23560
26930
9054
15324
14988
25962
19089
21459
1261
11822
7754
16817
6916
52
3634
10367
31981
24998
1175
8559
19846
23371
19358
17693
12073
32587
25056
3118
25668
20139
27494
17890
20741
31658
29883
22957
15198
14450
31239
14497
3457
17382
3518
98
21986
5772
5519
32013
5231
16877
1205
11849
25264
24785
5338
14229
15649
199
21042
28957
22589
23821
8301
915
29254
4189
5825
14084
17335
26199
31806
29530
28157
6575
20014
23250
22961
14534
3550
3934
3969
12226
7448
15284
30897
26558
5126
15415
754
10572
27576
20922
25978
1575
2683
19743
25552
10230
11293
19161
5537
7203
3395
19665
23420
22088
19642
811
9298
12316
12302
16649
23029
15688
1335
14312
13577
13441
12497
18371
8477
19932
30191
29948
3178
12563
106
29784
655
6750
15796
4963
4372
24363
9327
14879
29302
30191
30118
1424
27476
5603
2231
24641
9912
6934
5452
31635
7811
20279
23664
24458
8504
1669
22059
30376
19947
8218
23273
8495
17209
6059
9232
17638
13358
31542
23658
24461
25330
15929
13383
32203
26245
22054
14199
16794
8540
25251
27230
28619
21008
22616
13116
26817
32658
6548
7997
8810
10686
7013
22329
31917
8020
29237
15119
32503
22175
14198
26020
15935
15363
4090
14395
27679
4442
21491
14622
32535
28169
12430
4685
23268
19540
25977
15533
18820
15917
17842
1046
68
4732
16881
29630
32369
778
20982
11525
30886
30624
31220
19511
24893
8867
7397
12696
12548
17494
15731
4776
10392
15981
7417
18070
26162
11238
14548
1016
25098
23567
291
31551
10203
16563
24050
30260
3816
21287
25031
30901
27712
13982
28799
17405
29817
31425
17823
28952
13077
1139
30614
15988
638
25801
7519
5719
30999
302
14965
31842
15868
5128
26599
11920
7522
22188
29031
22119
22791
31249
15022
8270
1597
15752
30102
7896
20815
23325
6390
1735
19613
7295
770
14795
31452
12230
4203
11059
22860
20784
21448
18415
30313
5506
17762
28491
17364
22536
13422
32614
11260
27546
5710
14276
29932
28348
11776
8457
6435
1522
10037
12785
3142
727
17669
6472
2652
18731
18371
10808
777
28264
4140
29020
9321
17849
14139
15260
22775
24541
19905
31014
30632
4718
12105
9825
28917
13125
16571
31164
18395
22538
18313
8755
30813
30911
25590
27542
1277
23523
19732
14166
13384
6074
30135
918
16689
8454
14978
20138
19723
26852
1183
13385
17429
599
31617
5282
19430
10255
19957
22773
866
14204
23919
23940
21985
23403
9241
4208
26026
15127
6218
19666
15072
31632
27834
19910
14602
3522
1897
11932
21796
26401
28691
9914
19547
14277
3447
22035
14594
21134
17251
25083
31013
8343
17600
30567
23712
13698
18444
20411
13899
16852
28009
15591
6331
19244
3550
5339
31071
2958
20644
1013
27500
20151
10980
483
4590
29950
7972
10768
8125
584
27490
16421
31649
14089
20974
13365
22394
26602
29347
19486
9320
21026
2469
22977
26483
30605
7232
24592
26488
6799
25045
9704
17820
9668
14330
10936
20784
25798
10202
7724
13619
24302
6498
11782
18169
19575
14815
5091
20411
16894
24383
18655
1661
12510
26595
17773
20446
14776
12078
18048
9657
22398
12539
23380
12560
16179
26907
5068
32083
2184
27405
16291
2259
11435
14128
22874
17283
4585
550
17451
10013
15497
32104
25417
4874
12912
1706
17902
17721
31965
13510
23434
24213
20619
6340
9804
27142
20119
20843
6680
21791
12558
12407
1769
32675
19366
10654
3065
15930
2175
27475
16972
18188
1439
17546
3714
6943
18437
25113
4154
31029
10914
5158
9911
31991
2889
13913
17898
12241
1879
6845
5086
31674
10722
25773
26124
25716
6423
25389
16376
2137
26630
32653
19505
32582
27527
13002
13385
30803
23395
25639
25086
13251
1132
32302
16055
10944
21889
11904
9647
16834
21292
10036
32555
7688
30214
10353
13856
11584
5318
32157
28534
1605
14524
883
7800
1036
29334
3502
30485
17044
23268
25411
2862
17913
14805
4133
5805
797
8258
9078
14406
13674
32337
10270
3265
8157
12094
18266
6139
4257
32080
25461
16824
27189
28364
27280
15092
16319
15858
31489
19091
17243
26153
22260
1608
5033
1051
23394
16848
25616
313
31676
8443
25822
22662
28323
24962
31347
14615
18873
21141
29364
20422
10785
32316
17587
8141
28745
32100
32407
16994
349
8916
21183
18584
6786
2128
26802
20723
10600
4893
1680
12968
29844
29775
5967
8316
26468
1018
19607
11188
23009
29760
16393
14498
16168
10895
14443
14923
26602
3512
32174
19186
5416
16487
22962
24690
13086
11719
1386
18154
21887
18821
730
32310
26188
9935
15388
1416
28
28824
16697
18911
31233
410
30570
302
19803
27090
8043
31693
2096
22469
28422
16273
27870
15093
20077
9888
3689
18316
24997
28310
5414
16068
30203
29202
10498
2638
13430
22885
16397
17815
5026
16915
6689
13161
20679
25785
20239
4012
10423
9549
5458
26952
13871
29419
17672
24710
16386
5195
876
28604
19573
17013
27886
15352
13758
29144
20785
10893
23184
22284
4889
5778
635
9809
18193
21883
13778
12323
2940
7790
29459
16154
27766
31564
1196
24346
19230
27983
6837
10086
25532
9321
4377
20314
24987
11303
31234
15153
21160
16135
802
554
18095
13797
31456
13047
18281
28853
17679
5421
1954
21324
32361
30264
10109
9158
23755
16599
13915
12827
10589
22169
31604
15862
11134
3235
16289
4253
22375
1208
7326
30349
26824
20178
2873
1887
12803
11368
9555
15606
23141
19739
32552
30919
6076
4941
18999
148
7110
13348
32420
31302
20766
24813
8993
10689
26565
31741
17270
12303
26276
24999
21567
7384
1692
11835
16781
21028
885
18505
21620
10859
6029
31738
12669
15670
17300
576
424
26427
32520
8776
16896
26250
13281
10731
12299
22639
2468
7688
17212
24402
16379
5498
15127
13352
27849
21116
5025
29530
27303
5892
14583
13258
19196
10140
14738
16402
2100
27714
5419
26539
27142
22457
4233
18638
3132
22533
2210
1765
18498
3110
25875
8159
1443
20950
3327
1134
29200
8361
24092
15750
24453
20226
14639
156
19573
17332
7240
30484
2075
19212
19059
24964
28098
11999
1238
15922
4408
11741
16179
2201
10096
30920
21327
14417
30051
346
26839
15475
20926
22356
1062
2437
12321
32080
21558
29587
25675
19220
23379
18306
20319
6538
3525
11823
25399
27499
28825
31630
20575
19144
27320
12152
11330
28548
2706
20883
10828
7846
24340
15944
17265
24942
10281
20575
17827
8378
19068
23550
18962
16653
529
22323
12226
5245
26867
26358
30250
24621
1604
126
7616
1443
16250
9075
9839
24625
22846
21341
8091
16833
15490
12955
5855
24053
19532
19114
2800
23533
24917
16032
17033
25328
22389
28427
23658
3095
26592
30904
17519
9220
16626
7525
2614
11515
25300
29146
18464
24960
22367
17728
11179
14708
8202
15606
32214
9103
18157
17255
31376
23194
31826
18328
1459
29731
29798
12684
11689
28965
22729
19311
13263
10577
12758
6127
1251
3103
2058
4525
19335
18821
4522
20994
21898
32334
29506
4451
16661
7065
7459
2519
21229
2103
30297
4041
32151
29962
16972
25467
15760
28879
32113
24392
9215
1105
11273
13658
23643
3175
29404
8707
11416
27072
878
19875
18185
22783
11090
15435
32673
23285
12330
17683
508
468
22337
12287
23112
20730
2039
6476
831
19953
22300
3949
29910
12994
5671
3574
24881
8386
32395
12638
23311
1687
30698
27548
10312
23840
14883
32322
19756
10939
13000
5780
11163
1143
28446
26794
10373
30859
11469
29317
14269
2832
6622
29913
30477
11304
6355
31438
10888
31011
17793
28126
25747
11021
5088
11657
7612
22491
17251
23176
22935
26798
18222
24343
10622
17932
27721
22791
3706
13413
31300
19219
2635
32542
23855
27033
22833
20581
17180
6151
10177
12966
22245
2345
12149
31822
1572
17740
16171
31516
12194
20913
31859
6192
18420
15560
8475
15296
28570
12009
1898
7087
12058
11717
7972
15290
21423
19872
7101
25750
28612
31709
2020
14464
4039
3407
25050
217
29309
10836
9137
2566
18033
23009
27849
9197
22006
20730
4949
24802
28801
29883
32452
21312
23856
15548
4895
2273
11711
2409
31209
22132
11160
18337
15365
6292
30543
6109
21874
26095
23621
32661
27932
7774
28386
1748
6973
7450
23823
19756
13242
15549
24792
18357
24639
29578
7579
27619
11278
31376
11791
9013
10626
20482
30962
3543
19506
10353
21251
16670
18119
2464
9163
5735
2256
14706
3555
25253
30953
16935
15664
15601
12558
24247
725
17671
293
21487
7216
16024
18726
8986
11608
15154
32060
12273
8949
15798
9531
2041
17836
28315
12200
2208
29879
14383
13458
3400
10516
9850
27588
15833
13886
18646
8143
32073
6107
31107
14483
2125
7061
8857
4383
17525
31438
16461
17223
11727
7963
28945
24817
17330
14541
22996
14169
26005
21754
7825
4552
12594
6144
24333
27663
7697
10192
30091
11597
19517
27277
32089
6859
10125
25948
6384
29559
20204
9028
30770
29311
6894
8447
28578
9299
8927
2666
4672
24400
7469
18587
25360
26168
8121
30480
25940
18332
11023
14195
12187
16113
29967
29231
7833
10912
18489
25901
4513
2535
30479
6277
25166
17784
31971
29859
18912
23643
8553
16641
26887
5209
678
1273
7413
23128
29475
23522
9063
6464
23456
13847
24151
29097
11769
4195
12059
17063
4866
1951
7071
4572
13794
14118
26483
29532
24086
17767
11716
18894
13766
13579
16219
14405
24495
12371
28730
6465
20548
16344
20326
32161
32158
25069
26860
13716
10103
9441
24450
10064
17930
22815
13102
13909
10780
27844
27039
2790
23908
1576
20790
2986
26371
7276
14449
20841
27793
26899
6060
15120
21165
3469
18665
1892
1619
30061
7209
1766
17421
283
15498
13031
9443
24241
22513
13790
20439
28326
12713
28778
3927
29503
713
7729
18140
27525
6337
873
10161
6914
31432
12521
25466
3828
22647
5754
21989
22518
9854
14815
6529
13709
23129
10246
28205
6316
8356
18475
23460
10368
16846
25396
14267
6871
18017
15435
6239
18429
2364
24223
27312
2859
20862
21451
21209
20069
5899
8605
1260
16564
4242
6081
20690
17500
5119
1491
8041
28022
4022
7755
6142
21803
12375
32282
2714
14223
15348
16901
30454
21623
28940
7653
28857
20234
16400
10404
30474
31171
11116
998
9592
11635
31064
9641
19449
8856
27802
14951
4031
28523
942
13753
9128
17988
22485
7670
8488
29405
13817
16446
25344
17956
1942
24729
5025
2479
26559
20396
24789
25766
6097
30604
11282
571
12083
3508
31336
901
14439
11311
4800
16009
22549
738
32143
26746
23864
12592
7180
10124
9388
17589
31300
21635
14072
10042
4245
18281
23929
28916
25810
16988
32344
24650
20313
13994
3578
22500
28940
3633
846
16517
5232
6261
24404
17266
4417
1943
32165
31457
3157
29898
22142
8491
26146
6215
14875
27201
9066
10717
3811
11144
3085
18614
21313
11393
7928
23330
20017
8813
19825
26345
4821
32509
24216
422
725
9021
16463
19642
28461
10343
16910
18134
19827
5023
21509
20200
13032
22378
7954
29762
26745
11065
23852
7350
14970
15466
30823
3262
18312
25681
19271
22654
1474
24338
16126
22211
25261
30629
18313
16221
17417
20862
30176
27062
26763
12282
2279
15331
1881
15232
6813
24678
1367
24249
4866
14999
23819
19094
2655
3117
7623
15869
22708
15206
19575
25520
26402
3285
16036
16847
11917
25790
18113
72
16163
25155
30446
17173
21621
29173
14057
16392
1678
30126
20396
17061
13803
1380
11365
17520
18291
28424
7677
2500
26078
4573
26558
10802
26093
27381
20513
18967
28252
1025
11824
31104
5255
27239
18178
3297
25207
14265
2432
21395
32246
27961
3058
26755
11966
3401
23815
19242
744
5300
21861
11617
29105
17868
4568
8307
3039
31426
13645
3630
17932
23836
13900
23426
22755
21713
7559
17782
29757
3428
31666
5713
17947
23696
18302
19027
18237
14755
15560
5155
18959
26391
22344
27960
18699
10761
25394
2360
30552
27390
7933
17673
7054
24866
15367
11853
25581
13902
25046
32475
1543
92
29485
26289
15019
31878
2205
10558
21864
21565
7104
14240
9218
18444
19388
27901
5251
24839
26216
32243
31895
26078
4223
12876
22413
6472
4624
31643
13434
29186
15433
14409
27931
22166
12928
13054
5864
8461
32361
18805
22084
26584
13187
10988
14823
8186
30544
32635
4821
2531
24203
7969
22181
8195
18331
13035
7793
12493
1312
22037
11003
7382
25113
7392
200
3836
32483
2855
32535
5492
4202
22977
22133
30198
13069
19189
17800
14442
27544
2348
32685
31747
28134
16799
20678
13426
17975
32465
1668
5659
2800
21246
18837
8041
26846
720
25764
9063
30395
14739
9358
15994
28181
29539
5202
13281
22405
12126
3669
6726
13027
6695
11690
15019
25496
15937
18761
7910
22278
32098
20814
12292
29924
29150
20816
14582
17153
13236
15868
10638
29528
17829
10736
5938
7342
14045
3406
20871
10987
26034
23248
25270
22952
28318
7991
11677
19351
24190
23069
29779
10985
20142
12711
8810
6326
6657
4802
12467
24067
26379
24575
31805
10392
19292
21046
30388
29128
14206
21134
15437
8755
26031
25021
24304
510
30475
4228
7212
19836
17383
5336
19854
29907
183
15995
13028
23133
21820
8136
10952
26238
13712
23174
18038
17058
19020
2991
15199
3484
20919
7500
8076
24155
30232
16418
11628
18353
2784
13306
11223
1113
6054
13189
7633
17081
20454
16901
2307
18881
20456
24018
24509
19829
3386
13865
26652
10262
29366
11640
26063
7890
5448
29577
22676
31735
27795
24670
31713
14890
20346
3081
21871
7364
20238
29229
10467
8136
22023
786
12747
23465
1527
18046
13187
10596
10849
30450
21499
12938
11748
4785
24722
19627
17415
28685
12182
27911
12355
20919
4209
15896
18523
32203
18501
29148
30495
18736
11596
9764
10446
18130
9376
20912
18188
1344
32703
9665
31784
31835
31800
25143
14609
22042
8380
25893
10212
15138
21872
26832
29956
13213
12067
22113
9890
9007
12039
15233
14867
31471
11078
18505
25203
10122
8427
22507
24354
32601
28914
26027
26922
8858
21855
2385
19478
28744
13917
27141
11327
8442
17767
7248
1861
649
8863
5142
31182
6006
28682
27986
29896
20885
24451
12223
22961
20521
28115
23799
10108
27009
27181
23691
1301
32279
18418
10696
26156
6836
30392
22950
21096
997
26084
14446
6941
17113
1756
8011
6846
32305
8386
17056
14840
5867
29290
15222
26115
11173
14238
11130
10840
13963
14534
6702
8048
17464
584
2218
11491
10139
25340
13973
19166
26134
901
23905
21890
1643
5971
6305
7996
16115
2315
30055
25181
1567
200
28814
21709
10849
31254
29344
15136
25167
27478
31868
1206
3064
25898
22915
24487
7470
28960
15645
1110
21158
11958
22634
16849
13573
31877
22924
4940
10052
14428
22313
28055
30706
25658
17346
7879
22893
16358
23732
21231
4322
11861
27729
22982
9275
22342
32115
20858
30520
8599
5433
7145
31915
31061
2646
21610
21793
4768
29364
16422
19749
1782
16776
4753
18083
5823
1872
27961
21982
13327
25883
5559
31173
5582
18164
1452
8099
20709
14617
14730
20644
1670
7657
24334
25318
18439
25244
19119
17409
23720
24092
22959
4651
30384
21080
18319
10521
29689
14066
8945
11335
14621
28063
12018
21134
3909
12469
26999
17132
25848
11869
5912
26289
15993
9512
11308
11734
1693
27105
26155
13272
29179
21532
11979
18220
16538
32564
24262
23786
21510
595
18831
4131
15098
6119
29374
29576
15057
3681
18668
23465
32308
12974
31864
23008
14763
14205
5060
18055
5570
4767
12464
5273
6946
350
4949
24074
10211
32534
13894
19380
28965
28435
5688
28429
27183
30396
26539
24047
5105
23873
3943
4187
2269
9371
27380
4462
9383
9931
13526
4040
12732
28609
2718
25860
11329
9560
24959
3540
31371
2872
18570
6852
836
9722
25636
12028
30049
30131
26008
10234
16940
8700
886
26858
7869
21743
26042
26077
17832
28262
6173
24229
25055
20305
30865
9897
20742
6781
10803
22163
4206
22573
10732
172
25324
15757
19916
11859
3694
32108
31203
32488
1133
25612
29817
2004
16602
26209
5219
8045
279
18393
7885
21082
25423
890
29095
19657
23804
26426
21655
21935
9705
2892
23635
3983
10819
19240
22383
31787
15065
21957
21396
17050
18333
21587
19865
16736
24553
4253
1307
1764
14732
15155
23773
31844
11703
7330
8236
29695
13873
9502
237
27893
660
30337
11883
11712
25186
15764
24973
11536
9233
10782
15061
9893
29383
13667
17477
22477
6028
12269
14168
6192
6092
30383
9450
10497
20307
4016
14256
15528
28593
30517
25048
1440
27058
19229
3345
32071
1235
29002
24171
2218
29574
6311
9874
6638
8760
24793
5200
18944
26124
21808
2827
12193
16592
26988
24593
7364
13515
7677
28151
11768
19027
11535
31892
7896
8304
25309
24411
8681
2675
16963
32733
23434
5373
10321
11892
4234
28973
2242
19076
21881
18793
20307
32537
1237
29299
5497
25332
19049
30738
4822
24872
21398
26242
32216
8781
6191
22595
17617
9425
26597
14942
9603
25277
16902
17561
27474
9688
20276
11192
31275
15016
10914
13155
21322
24584
26191
3508
22729
7363
1940
21981
28826
18396
23910
9373
24761
23546
8128
6966
17341
31628
31249
6854
5519
9373
27852
28850
1565
13282
29727
21049
29108
6812
12105
8851
14205
12030
366
1109
5680
1947
29804
32071
29866
25753
18251
21794
25188
23725
10832
2559
5847
11670
3921
27321
27306
29939
19324
23557
27962
20603
3467
28145
3644
17370
29456
20551
12131
13437
9951
18558
30664
15221
17662
23722
30392
25319
25883
10236
26409
4739
31352
3946
13299
19158
29554
25496
20459
32059
27199
1889
8659
17778
29911
10970
30248
2461
24154
12857
26735
3089
448
3428
30186
2286
31110
27959
31418
31693
2034
23659
8365
1462
12717
8307
5927
11063
1427
14044
18739
21161
7886
2927
30492
5702
7572
6876
7859
14934
1681
21559
1051
13767
19188
11729
9293
28986
17360
24023
3608
2532
12795
9458
18199
4485
26481
31010
22216
12493
32646
3709
32468
14868
17433
26405
30560
29674
11986
9321
14722
19374
12125
12254
23527
27463
10862
17607
15824
21592
8487
20928
14421
31718
3058
30374
11907
22770
9180
30571
17591
31499
14690
7432
13270
24891
3421
5719
29662
9920
15930
937
5526
23667
18617
14483
1881
4032
22598
31375
28612
23896
24999
30319
11370
11471
5664
25965
9203
18536
28173
22528
17385
11236
20006
18742
11639
2184
20506
32739
17373
6611
15063
15629
32120
5
8656
11763
23468
21401
5929
24619
32024
30446
15155
14989
9057
27933
20384
27604
22225
31362
15006
12718
28861
17694
27440
15587
4075
16180
4281
6918
21574
24972
23430
29329
19315
2975
8041
30563
8769
609
1124
25900
19868
1841
19516
7325
15430
28536
25801
1099
12750
28770
20331
22755
25114
26751
4458
32270
6439
723
4164
10828
7582
12793
31743
18871
17815
155
7176
32514
8509
25655
3115
3252
14578
14465
21929
10211
17936
29441
8837
4669
5188
11791
31028
26650
11085
9378
21138
13685
22549
5639
30511
30970
14732
20701
31690
13948
24542
8181
26406
4979
16881
23467
28564
10376
11808
29146
29995
11743
15594
24386
7209
31086
20037
20587
17891
24375
23758
2745
10300
7955
28629
17318
9063
1844
6361
31074
20105
20281
930
21834
9797
22127
19355
21401
14721
4253
20937
12221
25851
26747
1964
22698
8568
32252
29376
19306
20052
19308
21382
23659
5917
12612
12442
32091
12610
5021
31315
32309
274
2209
10807
24270
17542
4871
29043
22669
14674
31747
31637
19068
23297
15985
7030
13473
25377
26951
20740
13851
32121
16773
15330
11343
5870
1331
5586
20395
16719
22503
18134
19341
24826
941
518
8881
17573
1512
25584
28515
5241
19922
13463
31016
30253
18920
25821
1953
6159
20710
31407
16108
20371
25966
18685
14368
28763
6339
21780
26107
5875
31215
22885
6746
12521
15018
4449
18831
10177
6587
2326
21496
27023
32256
3116
14670
25240
16436
22623
5719
1581
13726
22433
25463
18200
20949
13193
1718
18278
16552
31362
10830
13985
19782
28876
8379
30942
1633
28204
15334
22020
23283
19198
9022
30238
661
14838
8154
18856
23827
18337
22698
12568
23287
27142
20117
23440
29970
14892
21426
27719
23746
8031
27391
25634
13403
27860
8179
19545
4709
27759
11333
15780
14071
24379
20979
31424
129
14217
13431
15366
21585
13070
5773
16917
5700
1251
7215
28725
86
21921
29450
16111
28180
7452
15294
29391
14455
25944
8259
15981
5696
26259
30510
11204
1410
19527
1623
28118
8215
7826
20608
23009
4113
29820
10991
27251
22294
9191
24356
27802
4276
19644
9427
26204
30078
21775
7298
19157
5327
26144
28062
22163
29735
20978
3292
7515
26845
22969
20721
12081
30598
15361
14929
29692
17852
28838
26048
22417
9891
16234
3351
13856
7026
11180
19921
9241
5795
28889
29589
25409
29380
19607
4078
11244
25332
8518
19721
23783
6838
20708
22274
6228
1511
7884
12948
25946
16160
28891
26916
32700
22688
3560
13937
21023
18116
12852
12900
26429
30948
5965
4098
9712
28701
20241
3856
6205
2838
31193
20824
4891
9154
22681
26288
25804
26762
2958
24582
30316
29969
21181
16671
11534
18259
18370
17003
15490
10023
5755
4679
12795
30235
16584
26543
20356
13571
7905
26549
22166
19980
13910
26677
7193
690
16829
10054
7643
22774
17059
32522
5282
26779
21621
7706
25335
143
30406
27541
9107
19292
8973
30066
17170
30710
5244
6107
22574
30039
18499
272
1270
30268
8727
25315
31206
13880
15622
7258
142
15535
24686
8484
7192
9776
25824
22575
21151
27435
31244
23083
2549
28506
12421
3910
25811
11156
13138
32088
21079
31785
12863
25647
1455
20067
26892
23831
15114
15774
27968
19740
17895
28806
17108
3467
17582
15215
13556
15595
17792
3218
25672
29576
12625
24232
5389
11040
24715
196
27797
919
22371
24273
13245
30328
4115
9770
13228
459
23015
288
7222
28500
9573
10723
5193
8591
22391
71
2311
24709
29742
17603
7782
26537
10291
20400
28044
15814
24829
8039
27134
20630
20205
25517
13900
1635
1242
19426
9533
3653
7770
26292
3005
25483
4667
4787
21526
7253
12490
26939
24967
1165
3006
17331
26117
30243
6220
28987
5855
13094
19391
9866
19312
31975
32030
4315
19459
13096
14802
22060
16455
14821
14468
12028
28059
1794
17721
23876
23280
30254
29942
4934
7233
16777
14258
19836
13833
17968
8934
24124
31925
28640
8292
17676
17182
5371
9240
18308
888
6378
19267
30808
6613
17717
19917
30898
7046
19915
7233
18535
4150
9169
15362
21881
7794
7440
19395
14775
18771
14620
4049
14135
8971
1253
3996
30266
11766
8339
13283
13338
14246
12380
11705
2680
10404
32275
24286
31307
4271
30049
3455
11217
31495
9575
20266
6014
10402
32527
21967
16050
16520
24927
20097
13576
21859
8619
3346
26366
31372
13222
5530
30432
7456
23490
17603
32561
17671
31584
4247
22582
4028
11959
9446
13904
28854
29832
15668
22434
5348
24951
31507
21586
10508
7308
24036
26905
16203
3571
32103
13253
30043
25126
29503
26147
21290
16653
26941
21257
14772
31955
23485
3930
31764
25174
12020
18846
16939
27154
27878
14476
10063
21689
30503
28161
22067
29350
16395
13777
32164
26082
6418
5914
27119
32460
20720
5950
4205
14967
1581
16613
21908
4502
16294
2151
21761
23847
29349
23047
21771
5911
17555
14501
4215
5906
27484
17064
17517
11298
8151
6066
31452
18460
23177
432
4717
22333
1606
15201
8667
32601
31827
21920
7578
5238
9977
25961
28840
24372
6357
4440
25519
8827
26727
28071
7228
27030
16843
19177
13211
10177
8635
17425
30150
19813
21743
23040
4784
6026
11885
4846
26940
3519
16651
25477
23648
24287
14362
28846
321
11794
17960
17170
29425
29250
3031
30620
22522
4624
7231
18638
9507
19187
21632
20889
20488
6597
8905
4816
22066
5572
18995
6756
28136
22388
24183
9757
27813
32324
25441
20839
28874
386
19376
21336
30345
16672
24145
17476
6079
8624
23046
31686
14860
9131
24685
21030
2303
18084
27827
12910
1859
7475
14220
4750
24211
19026
27521
291
22055
23925
31182
27422
20257
16243
22334
24941
31317
1218
3662
30456
17902
25357
12504
26383
18486
11490
30148
29487
26780
6537
5251
883
10057
27107
24027
4763
11389
26179
26109
4677
8333
23381
1216
951
10949
10749
26914
22876
29377
5791
26588
21587
26581
7286
17743
8502
4860
5145
14876
18734
4580
23244
16697
22926
18738
9197
15620
2577
2205
14789
29793
12790
15904
18390
29129
24641
5919
18444
21572
5204
21325
2661
12406
28159
21377
22500
22818
5647
31824
2187
15498
13642
24337
11379
21309
169
13222
31843
4017
21023
16156
25750
25919
13968
30767
7834
15367
12309
21459
29180
8005
8231
11683
21239
30189
19375
11217
27510
19320
25513
4471
23360
778
24188
31742
9041
14325
4638
7934
31408
3806
15358
27942
10139
26109
1304
13135
24509
10788
19893
26276
21112
2341
8883
24584
24278
31676
20759
5026
4862
14885
31913
29801
28108
13491
7001
12840
2540
11116
24867
30523
27865
25835
8883
23258
26938
7955
28541
9159
11415
9195
30218
20524
14097
2932
11483
4324
12264
32638
24202
24914
1915
29914
25021
23750
29292
26952
14574
14512
21414
29953
26708
10671
31983
21008
17982
16792
990
6186
3141
21350
5657
7886
10747
25585
2998
12809
11418
24358
30808
32579
25032
22539
5422
20631
5022
14955
1204
4853
13767
27630
6138
17825
8879
20609
6968
22208
8755
25896
18831
9610
25087
22755
31343
15553
17121
7227
16856
28961
22927
30075
9935
9069
2742
21015
6522
21548
21028
26898
15229
24536
3636
16275
30367
2959
4750
26960
13193
13687
26902
28584
17521
5760
29783
10390
17503
1863
28371
7939
19040
3721
8392
30325
9273
27215
7217
5860
5917
18734
10428
1114
26939
27524
23933
32376
6161
18085
12581
10444
17156
4012
5150
28655
30184
31975
23885
3176
9896
9683
5438
28593
7341
22030
31123
23482
22276
27280
19284
20142
19940
1836
6419
20745
25868
13173
27136
21092
24807
3078
15522
29408
29276
14615
28360
20400
125
15321
32359
30913
28122
16086
2922
2422
28880
9453
29874
6494
11558
25113
1188
27654
16814
10725
12522
30548
2105
1081
5327
19167
7842
22215
28572
5725
3174
10928
20505
25000
12367
26580
22674
7392
29058
14053
17083
19331
11733
15660
25950
12190
25030
23734
24876
17195
32231
9345
21547
6656
10213
19232
17588
9903
26375
16364
27286
22776
22878
18439
26372
22676
13654
16096
8102
861
29590
17618
4948
17509
26631
24281
17104
7124
10152
15681
18283
6563
24797
29194
7582
6226
2464
1875
8706
1062
32374
15135
19905
2548
7148
29886
10095
13262
15890
15725
3395
25875
5418
5510
23910
1603
26816
21474
14493
955
5265
24529
24479
30296
21206
2969
4292
25732
22469
25726
20966
5629
22012
20668
12577
17450
21436
10477
14338
13366
28378
32212
14240
9116
11219
20197
25145
21353
27238
4042
15554
9591
23683
28788
6050
25911
15479
30043
22108
31577
27346
8355
29601
3620
907
18704
495
8215
2211
15647
31721
17112
14372
166
24337
8471
13317
23188
22510
32427
25634
9724
6676
19742
5820
21733
10339
19167
17201
9210
14542
2292
31783
15334
18549
19977
32081
11898
32236
27705
26150
5656
21534
17307
20512
14120
30458
27732
10879
5938
1662
24087
22625
2551
269
20630
20453
7826
19850
15790
9482
25044
28743
30520
15576
17033
23109
3020
11398
21183
15114
16411
23754
9229
9558
26401
20829
382
16888
16905
4114
15683
9590
1543
22778
24732
22618
17882
9648
4089
28089
15028
15679
20807
26784
15253
26942
15018
3743
1853
28256
5284
25051
6700
5562
1089
31267
14223
27478
32443
18020
29288
23199
18519
32667
18378
28243
13832
26583
10054
11081
7279
30184
3762
31836
13207
12681
25376
3279
14157
17703
21488
994
3179
1114
19924
20440
4810
20109
11149
30257
15678
31929
12137
19604
15002
7852
28315
8379
9367
4854
347
23319
27225
13212
29334
156
16179
20523
25707
22800
29128
21675
31003
32352
12110
23125
12707
335
10098
26097
30442
15896
21169
1904
4742
25656
16063
18799
23370
4759
20310
25555
28740
14972
20464
23642
18406
6942
7149
12901
21945
12408
21255
3498
23848
3392
7060
25761
15377
9856
25545
19221
4858
8913
962
31663
17177
28094
12642
27768
28534
25028
15379
9182
30950
1934
15085
29333
15000
10411
12135
23815
19451
27243
23372
2984
31507
22383
24429
12371
27597
2076
11887
5980
28005
20309
4531
17719
22551
30977
32641
16600
17736
18598
11589
15755
8580
13562
13063
17718
12194
30255
20670
12440
8820
3925
16511
6818
18212
25427
1663
14089
21876
25009
20845
31688
18757
7740
21176
27891
26287
4809
26804
22366
2094
8895
23789
3397
27997
11641
8186
8045
29508
11135
29071
8898
19266
12792
22027
8742
14288
1458
10885
23707
31929
32543
31153
8483
15357
11540
17927
17930
5024
6772
25404
16276
14955
1365
16081
14060
31398
22924
20068
23622
19604
14818
26067
11124
30963
24871
30652
7621
9397
3146
9624
17718
2091
28201
26330
13076
12159
120
4397
21420
32591
20140
19756
16468
31353
24915
15124
29433
31827
31407
19768
17510
17195
1605
16193
6763
15502
12626
22189
10231
4710
8212
8205
22661
9908
14019
6726
5111
5208
27619
25014
12600
3018
16168
13207
16941
24531
15076
2273
11038
25782
16005
23555
27085
25943
32007
5641
25527
20237
31935
10760
14314
8027
16896
25370
3249
27709
24469
25116
27078
27018
11155
2580
18629
12195
11275
11972
7634
7129
24641
6149
13786
22305
3583
335
8803
17386
4002
9894
5619
10296
18658
16912
1421
12274
908
3033
8022
6249
29354
15431
10490
27710
10246
21580
29950
6276
11065
22098
16575
3815
9997
26632
13720
25351
11438
6576
12843
29189
30630
22582
6704
3058
25736
29396
27507
31735
14279
10382
9847
7094
6200
9438
9012
576
21599
25307
19970
14655
10009
31786
26230
30370
15093
27303
8107
17594
18605
31032
26872
19669
27030
13719
30435
3536
3846
901
24020
23871
10385
3806
13268
18241
20147
28866
30189
14601
7872
7341
32204
6075
10989
25860
7916
30094
30201
27876
13885
13034
17826
18230
20586
11086
17046
16168
8558
28457
12443
19393
17437
27058
29982
11468
24716
25529
9259
15642
19706
696
13487
1304
2005
28718
9916
24010
5604
19551
9439
28296
19888
4408
19432
14535
13972
22421
5434
14936
11634
24537
25856
6347
2722
14910
5372
28986
14492
20136
13769
17505
30202
14716
13383
23392
18256
11174
19358
7489
15724
15031
2487
9397
13018
23243
26607
11206
6640
13712
10961
19316
27509
6636
5985
13383
26040
13819
14901
7735
32268
26068
3286
32649
21744
7604
19702
24484
13017
2967
9926
14077
28330
10089
6628
6392
3805
11448
14012
11491
7106
15417
4886
16572
11722
1772
15532
25284
1620
12236
21753
21785
5162
9503
25783
19444
12370
32202
12212
10482
32012
18129
27384
32139
22634
14178
18995
3244
10391
29909
2156
16963
32236
21738
1483
32518
10723
18590
21780
24568
13973
9773
31555
15446
24614
79
7603
2591
13580
21448
16223
17697
8314
24
25399
28403
18034
15533
12112
19292
21787
6656
11269
12814
28674
15798
8951
12854
19971
30764
23595
18440
14741
5507
5339
29286
14933
28225
12037
8077
14420
28098
14334
18278
16933
22457
21995
29432
11841
22692
8457
3112
27619
22405
3901
18467
6127
956
27074
3824
22625
29745
25275
1202
31007
15643
2947
28608
26444
29436
14997
24469
30201
27069
6922
32656
8347
28583
4121
6384
25402
12748
29925
7222
24169
28900
21776
15567
29133
29510
16800
13212
26095
26674
31265
10938
15305
15081
24985
9141
3664
24600
3992
32648
4143
13076
4626
6969
32226
8674
16049
29737
23408
17379
9968
2989
15451
18406
6397
14330
7248
3961
5988
30227
1404
25642
7866
4053
2531
21975
27443
8018
28629
15596
24159
21474
14456
11494
28335
20324
3083
27275
31680
22669
21984
1930
7484
917
21062
8603
2628
13544
2642
14398
6854
27137
5064
29038
7581
28215
9138
14887
9285
24900
22789
2706
18536
29203
6762
18112
6525
8824
11468
12467
24415
1269
19502
14468
7102
9124
12705
25856
10995
30880
9512
9184
7380
20958
6687
15907
13860
11831
21537
25930
9792
3523
7412
11382
15362
32574
3295
15001
12619
25531
24019
3689
13911
24015
3217
10088
24439
16930
31029
16310
27657
32573
14212
1429
17853
13499
11996
4359
2690
13842
213
21923
7154
22397
6768
27859
24652
31080
16146
4426
12489
8284
10112
1232
16555
14475
1603
24786
17489
27072
26652
10092
22499
12743
23276
527
32648
23332
19815
19496
4812
16089
19489
17183
22924
21265
15605
8280
16834
22525
99
14913
11199
17448
16699
23182
22702
18940
27989
16902
14474
12667
10446
12730
29149
4055
4429
5230
1026
26792
4988
2130
31006
16861
21415
17311
12273
6846
124
2714
19329
12640
20242
21414
1821
11816
29225
2529
13400
7735
27652
16711
15444
21953
14798
20433
30779
7172
3271
13844
13632
16160
32153
3723
1744
5921
14440
26382
3150
12810
23652
20381
11025
14422
29236
30044
12512
6293
10126
1517
20311
12671
25920
2332
17077
11862
25598
28286
22048
10480
593
19521
3816
27389
10189
9989
1627
813
11660
26761
15050
25529
24815
5406
11581
11871
15529
14652
21184
25347
12606
13097
8406
27378
5015
29623
14068
5215
16424
12860
8831
4385
20073
925
29861
7709
24056
3689
13023
7128
14317
81
25326
8552
1030
19307
14437
4999
11994
9985
29879
22569
7485
25600
29222
25022
7802
6370
15217
12767
19019
24531
15610
6361
601
20109
25407
976
28428
17885
20660
2364
32681
2664
23146
12342
27881
4593
6257
26780
4501
4746
25805
27
8312
27990
24649
6498
7318
4564
9396
21187
11193
20914
23070
3398
13611
23620
17305
12113
19351
29373
31168
30695
6414
10085
10948
32555
12128
3416
11642
18807
20314
25681
13688
12346
929
27743
7042
12264
23059
13355
20798
3279
15017
32148
15310
8525
2093
28214
16048
29287
28362
14517
12229
2776
6493
32716
25809
8917
27367
2449
19891
18949
12085
31370
20192
8405
18577
25433
17346
18245
19254
26933
26910
20723
22321
31208
7764
17740
16535
7186
10134
2844
12146
7706
5811
24487
4665
32504
29846
28183
23097
5583
2283
13535
19360
12033
18689
8358
12349
8388
28315
15261
7666
18761
11323
1744
26855
29246
29777
19763
29894
9439
27599
15789
21826
11728
32129
31201
31395
1577
5442
21753
17717
18796
4024
7202
10050
915
23396
17750
21005
30917
1959
10937
12370
8957
12149
30982
21506
6579
25896
24491
30725
23207
23819
17404
8093
21497
23864
17963
24640
14419
28800
7061
5883
26921
17547
14827
17481
15561
27148
4186
24976
1918
14378
9552
27120
17505
27934
8534
19351
28533
9714
2782
18848
912
15130
31766
25134
2877
5595
32379
1663
6658
7492
11252
25884
16501
362
2340
28253
18301
4615
25905
6855
20666
9910
5476
4364
28807
25944
16494
14062
5634
31929
5001
18327
24240
9821
20176
23474
8829
24162
19271
28895
29017
21058
9320
1173
30269
23541
1733
16180
11418
25435
13071
17583
3096
10166
26020
7110
12618
16426
24475
28076
31749
29414
12785
2715
386
14954
17860
769
150
7581
658
32610
19624
19509
1880
23828
32183
13693
16872
7579
30521
7222
21435
26892
21870
23701
4033
479
2102
12588
5766
30227
6733
28661
6797
31330
29979
6705
10831
22799
9647
17201
4700
2906
7836
22613
22628
23949
7733
25732
18914
17689
6372
26945
32279
20888
9778
25844
30366
17744
23437
25479
28029
25527
13200
3402
17719
29878
7964
4961
1905
25126
21936
16792
114
3891
15050
26870
10004
23396
23516
4477
31902
11448
2371
14937
802
31623
8058
9548
28229
11403
5644
8421
24236
16582
21427
10912
12240
19960
9923
4902
32468
26642
14151
21174
18356
8174
25626
3368
4209
2924
3961
31272
4051
14979
17599
31490
615
4167
22372
8231
5479
24545
27150
27676
23031
7105
19016
1346
31339
16113
3555
1839
30047
31999
6561
22736
4539
24228
9553
18185
28410
9093
14804
25592
20440
11168
22889
10073
25475
27650
13453
22954
404
18819
4781
21220
20526
18964
8516
14138
1272
31666
8409
17564
5161
26411
3126
22723
2536
1916
9166
30792
31006
27054
20412
2026
13894
1402
17585
28544
2230
701
32338
30919
8496
2565
31470
29814
11243
2239
26486
11960
3802
21300
7637
16392
4515
3996
28970
18582
13932
12701
26261
26707
20130
12286
30073
12439
25083
20015
8407
13202
23656
21
11578
1786
16696
26143
6863
12064
9984
8006
31534
13307
31790
23163
31246
27847
16435
31235
12033
2351
8050
8945
18789
10779
456
3786
15046
23925
20912
21929
29959
25181
2723
32062
4854
8431
1500
715
31872
25692
1187
14225
26211
18541
2794
21018
23080
20833
25211
19242
29989
11753
22035
11020
26130
30209
30623
12050
9086
572
20705
13353
13344
27686
2463
24676
25772
30158
20752
13031
10511
19486
25664
22893
19638
27180
10774
11462
12759
29369
10090
19826
17179
27290
28217
7469
21210
8977
29014
25560
19865
17208
25521
14536
31331
11323
10960
806
27413
28743
6294
28427
32030
28917
1182
21607
21482
25103
6056
13454
11546
17420
14103
6491
25076
9802
27221
17840
21971
24273
2864
13350
32039
19643
16996
25071
12561
7993
32152
14287
16762
28570
16785
26794
19982
8783
20139
4561
20497
27206
26959
30710
4211
15850
28386
30560
3634
8509
19336
4440
24239
25044
19316
24047
5875
32755
23407
12171
1140
8465
6706
4085
18745
1810
27411
31768
14399
24978
24090
17638
4903
13920
30334
31750
16473
27514
14468
5596
24806
23516
4484
12896
32607
32678
10086
23508
6168
29373
31231
5357
10454
22186
28249
20923
29362
13962
25654
18799
18938
1335
139
27753
4143
20421
21185
8530
20989
25688
30106
11777
24824
30737
25497
11722
19506
2332
13422
22461
29299
5949
22092
23380
17637
13625
25693
19421
20949
19094
4310
9931
13782
17352
7808
2115
10402
17348
11250
15650
12412
28384
2489
32263
22973
24466
14211
15308
8539
1886
31105
22771
28252
13050
29643
25283
11395
7258
3705
30428
12390
9346
31284
9775
12417
5127
3619
17224
31059
31330
22261
5907
3983
7999
2166
9547
6376
20265
25425
9939
1476
11040
27558
7664
16021
20428
30812
4007
30829
26863
26396
9948
29744
8647
25696
9018
29363
4132
21437
21932
23082
9018
30567
18496
15256
18777
16836
2282
24912
5094
2717
704
22038
6884
10210
14317
1043
14228
1565
11317
2119
6370
23298
4762
23073
26682
31852
19598
12917
21002
13275
6649
591
11655
11421
14396
18792
30618
20429
31015
9110
11111
5702
833
25932
6514
16588
17256
2208
27548
29228
23394
14179
32752
5917
8303
9233
9789
4761
19599
111
17772
23704
17341
20309
4546
9879
8812
187
14071
13932
10384
20335
14161
20568
29114
1948
13946
19021
17248
5755
7491
27323
29186
2080
4442
23844
10008
22011
31936
16998
3065
11286
5901
11052
9219
6747
4292
21350
7571
16796
4708
10183
17534
27080
9872
2429
16101
26321
22591
17498
5471
17614
32016
650
26580
18893
22967
15935
20732
28456
1203
22453
20240
18560
10658
843
30471
5738
24870
22669
28044
18347
22720
27784
32706
23135
27478
11282
6989
3339
4268
22146
17288
29304
20864
24118
28872
12382
5309
12309
23724
29338
8576
31669
26945
30592
16824
22354
8086
30035
14646
9923
28977
4028
9956
3594
29568
9230
17401
20508
10264
29775
4450
30956
29198
6496
7033
24901
11114
2152
3389
28330
10211
30992
20277
29237
15707
28546
25918
1158
16216
32690
14294
3911
13912
31617
8940
23476
16767
11006
18156
1353
14117
12367
17539
6413
19803
23518
6133
29369
32274
9949
6679
8493
20407
7217
6883
28994
22326
28626
7946
8202
16415
23650
22983
22216
11197
11005
1294
14147
12481
4300
2929
20618
13790
11881
14695
27471
23702
22189
7613
4683
17048
14173
4524
23890
3352
32653
17684
30949
9394
17112
7482
3633
21303
5376
2680
4920
25765
19992
26380
27441
1210
31530
15159
27817
499
21612
13946
15126
19625
9384
25944
20718
3919
16475
28160
29313
8357
21583
18328
32313
32038
10343
18477
8169
11587
16567
28319
14978
27535
17902
24372
28897
455
31841
30348
15070
3520
30807
21738
4439
7486
6219
14005
28594
22685
23256
18738
6968
22164
12439
10320
25217
19392
21846
16668
27330
9078
29031
16096
4455
9694
22417
20169
4436
16278
24385
30376
18628
493
4695
11105
18639
16900
13938
16213
4746
23148
4515
13989
25565
24605
18421
26020
13826
3168
9617
28723
31629
2362
29559
16364
16290
24554
19948
688
11271
12419
9328
26501
1811
6520
15874
17101
27848
6093
17635
25750
21294
4662
19561
15858
388
14638
6725
18525
4378
2124
29378
31912
15115
2729
5300
22825
13450
30861
7706
6984
21765
25962
25393
27974
26782
32146
21474
17368
18604
16264
7096
2221
14976
567
5376
1431
22697
24379
14504
24948
23762
32004
18675
31733
27171
24367
20356
14920
4260
9640
5772
31635
4909
8808
1571
3937
32710
17293
11907
18767
12121
6576
12590
2064
4990
49
11906
32132
11547
28102
12252
13978
30121
21393
4513
3074
13847
15530
27872
13745
7468
26182
18048
19745
32293
20618
20767
27791
22651
13605
21497
15133
2658
21546
25526
24667
10226
14794
16861
17392
31571
14360
29677
31174
1675
18151
11667
26729
6271
22118
24790
23184
23262
23029
9811
27929
24275
14633
1604
30528
17474
2416
17405
14210
31583
21981
26623
25668
27380
30803
26799
2559
5958
14534
1716
29096
1779
30866
232
11344
21888
9355
17882
9359
24581
17511
3318
16943
21267
24611
23137
18870
4087
17166
5075
17478
5371
15065
23025
3710
11458
15117
1180
29962
10173
6038
11844
7593
6209
8537
30811
20140
15700
31764
17938
9542
22353
20342
28397
11641
5637
16280
22033
14425
3778
12430
28521
3846
3517
18023
21574
227
28663
248
15034
23390
12568
23708
18031
26432
29542
21394
17941
26445
6031
25257
4635
25537
20485
6298
17973
30366
9987
27155
15472
4834
3370
3487
1679
18413
28666
23515
19564
7612
29361
29414
11516
3353
17073
19558
28835
12926
5923
17363
5969
6555
21204
123
19984
20637
13124
30527
32656
4357
13349
13702
16910
32195
26936
32542
14521
7998
30471
4562
12948
23927
907
24792
10734
1777
1496
25344
13181
7218
21312
15200
17956
14658
25979
10881
10654
276
9036
12114
30657
24241
26601
17295
7845
4047
9700
24397
4986
1329
1454
1465
23830
29334
8976
6875
21264
7248
3076
3745
18772
25644
21955
12876
23778
20848
24230
9097
12960
27799
32230
12922
3465
30019
17796
9521
2275
11622
21980
7452
17840
26349
2975
8856
18520
10305
7627
18687
32303
31883
14800
11851
28622
2949
584
3354
26214
4253
22154
17032
4462
3641
1326
21431
15996
6466
5175
23166
10791
7206
19107
25122
28050
26618
32228
16621
22678
10474
30363
23675
23021
32393
12836
580
29778
32576
26321
27563
30152
19613
9993
26248
13746
31432
2771
18970
8089
11615
27278
20441
126
6072
30260
7886
9367
31980
5874
12928
17299
17169
25988
760
15400
3453
17721
21303
23879
13889
11786
27242
31631
13738
907
28374
25524
3440
30453
32734
1413
12665
23318
18198
8947
19263
17043
2850
8616
26674
21554
21477
15451
22053
17401
12759
25147
17637
18462
27848
26878
22876
20917
4578
21582
5469
13708
13621
22306
17991
6481
14498
28539
19131
2815
9147
31805
15708
12029
11160
24399
5038
14990
28831
11032
2676
32051
24957
7965
30382
19984
12738
29658
17435
3731
12101
8044
13007
26343
31914
11342
24432
29473
22298
2435
15316
3260
21562
30011
5607
17033
2252
24882
23064
910
14217
23498
27960
6227
8229
13806
17700
28289
6350
10528
10209
32544
27500
20068
19179
14516
2582
25056
2672
1281
20216
8077
2089
28277
5096
12000
13243
1076
17395
22554
12900
32263
18373
31416
28646
9300
13643
30466
31747
28242
9328
252
28750
14479
27179
32697
372
3510
31397
5890
15661
4869
22300
14877
28490
16218
23391
27978
27171
28642
3050
28994
29832
15025
25817
3443
15300
25601
16683
10905
20654
1905
20031
21996
13524
30101
22859
27363
9133
21552
16086
1418
28438
25144
7299
9744
14433
17372
19089
10533
24232
1325
32411
14166
7733
20272
13132
7003
14761
8957
25622
4970
20523
30369
6040
17999
12436
6136
28976
22536
4756
22143
21685
24885
10010
23264
1332
20709
17607
10213
24369
12130
27277
842
11794
26351
1500
1223
17990
20912
20386
27722
18286
24943
30025
10735
10846
11580
24026
23907
13191
8722
280
28942
1558
15346
11437
13352
25364
25565
27085
21762
8295
897
16011
27780
27691
8713
17944
10390
11402
25325
498
31315
1588
2442
2120
24046
26919
15943
23128
8629
16876
3316
15268
15283
5842
22941
8915
26581
6445
7506
20631
7685
6988
15952
10237
4665
9714
21350
6434
13289
17868
3760
25491
5910
24658
21851
5584
10146
20470
31497
16305
9155
32166
28144
19855
14762
633
5723
30060
13271
3384
1973
18345
22648
21132
6651
26370
26123
10051
28440
13163
4906
21049
25741
16756
17641
18673
26148
2946
14958
18897
1620
11330
22209
19661
27175
31386
25104
9524
19357
21953
7645
20973
27527
2974
20424
32569
6571
30134
12012
23746
976
3271
10626
15900
29188
15186
11535
29376
23715
315
31324
25087
1846
17266
5765
13825
14521
20483
10517
24966
30875
12193
5893
30656
4616
28920
27214
1247
3626
14558
21473
974
28937
21971
17964
12758
8916
21075
1906
11195
16862
32446
7590
15422
21902
12721
31305
2389
23427
16867
21769
8091
16305
12233
3040
29516
22963
10525
20459
30975
22553
11742
2998
87
5026
14095
22383
324
28035
30985
23707
25323
27616
2256
11429
14751
13155
25293
11463
27410
12683
17326
12117
14779
17473
13958
13484
16133
13426
19402
32720
32589
18373
30642
5120
12391
4179
3400
19266
31960
27154
8183
27643
26201
8837
26422
24309
28404
12530
32545
8526
25132
2764
10365
18447
4632
16953
26689
20054
16645
28623
7562
3918
30503
32721
17919
10287
24849
18176
9662
9709
2929
24572
19726
1345
12283
18887
28018
1903
21214
7019
18023
21334
626
12575
5560
10533
32341
13003
32277
13373
28469
10718
32721
19495
15798
6469
16420
20210
19055
4309
22764
6524
26024
20041
28527
10031
15372
3791
22682
3009
31088
23752
2047
6669
27951
21609
32724
27341
28133
29527
170
29446
23263
16164
4659
403
7823
2249
26299
20515
19173
23852
8271
22200
3116
16208
24049
20392
22082
23345
11975
19415
16882
6452
27637
28992
28246
5982
30190
5505
3239
28984
19678
10839
26246
11029
6783
23977
20277
25460
6252
10353
25946
14401
21758
4080
3823
14480
8768
24454
10109
8481
10933
31225
4248
11572
1702
14146
2712
15148
26733
8838
23542
18032
12383
27679
9350
13784
15980
493
18263
15635
20447
28168
289
24559
2861
23695
32553
9479
11176
32554
20145
28382
28286
13602
4023
5138
31249
14008
13600
29376
29340
13845
29959
23426
27475
20173
4805
32713
16027
1588
26953
22264
32704
24442
29958
14385
15524
24575
14295
9482
2720
16073
14645
2774
13107
12457
29166
24763
20775
31459
28047
30076
22395
5628
30273
20206
7472
282
11516
4652
24902
24177
30897
28197
6850
26570
20708
27405
28397
14476
14870
15377
16654
23422
30411
16535
13065
13711
2359
17989
10676
5236
3407
2602
27006
30848
16210
25131
18286
17419
28202
12408
14857
923
29773
17518
28492
2235
32386
22914
13435
19890
2374
31130
14083
19646
32020
516
7719
26996
31156
14779
22910
13817
16749
8228
22068
6021
15910
31560
22360
7491
18048
18464
2811
4464
4423
6833
6851
15545
13292
1820
7366
14686
26661
29879
21592
15207
6284
26566
16998
21642
3130
865
10099
6703
24779
1909
23234
13183
2793
6774
31591
18369
28915
5311
23037
14865
27761
17519
632
27296
977
23641
3529
23094
18135
3262
27600
18228
19348
5391
24355
18633
8518
14497
5555
25318
15405
22229
25313
22945
2866
14682
5336
5647
27878
7417
23903
20493
19202
14457
26930
32527
24543
25784
18337
29533
8527
28158
7545
15044
20792
26043
7725
30833
7067
6736
8181
18196
7627
10551
31113
12915
25435
10520
12888
19646
1137
13890
21885
17248
6281
4724
11009
1335
9891
14411
8625
11004
19266
31602
15238
30668
15903
4000
1329
7411
13253
30397
13778
12822
6350
13149
29191
25912
5272
18322
25759
10914
14219
17450
16788
6466
2985
12263
15069
11396
24605
28024
3113
10080
25959
7534
19148
16510
15812
15620
4593
11433
25427
9017
17665
5289
15500
26287
1954
21984
1301
27174
1289
16098
14747
13475
3505
6003
15856
9073
28330
2130
6229
16224
27086
32234
15309
13602
266
28349
27016
9364
10141
23151
19585
22829
28290
19484
25101
4159
27603
14673
5546
28876
4645
29020
6289
12237
29811
27696
25820
32587
13073
23886
20101
8843
7352
7867
12426
21446
14051
10016
18423
22025
14274
32486
120
7521
10161
9497
26471
27490
9872
4864
1574
294
6438
18370
17287
2787
24935
29534
30020
25503
36
307
25924
10691
31161
7705
22572
31057
25945
26300
25444
24295
15145
16644
15198
16077
22681
16836
22912
15446
20394
17961
24460
32478
23905
22320
12319
26907
14135
20615
8141
28521
511
19331
21575
12192
29549
17350
7844
16451
4697
20877
21709
1958
30582
10676
14345
10689
5913
2518
27318
30310
25943
27289
4585
4991
12204
4029
30057
29818
16119
26882
9645
14022
20421
21178
23226
7837
13119
17500
14663
15970
19945
14323
3965
7887
1537
31901
24642
14768
28824
18126
16570
6095
20023
16776
1632
24149
15104
9340
2491
30722
28630
206
4339
24208
31132
8424
6424
16534
128
32595
18400
30903
28918
25023
30747
24535
23493
11739
23999
26478
16750
17743
32390
21378
10575
22714
16584
22215
25871
26828
2019
27208
17079
22440
29607
261
11214
1311
27620
30659
26028
15613
9834
22134
8081
9657
20651
24309
26112
14239
28889
30410
27128
19308
24164
16790
7586
11891
10024
971
22209
26176
9298
19655
28030
5793
26572
24390
14212
26432
27646
6358
11711
216
14282
181
11161
30555
19229
249
10408
28883
32046
7769
7546
2425
9681
6348
15051
13018
13141
13335
9592
16885
6036
10263
14909
22264
1238
22767
28773
15216
28370
20471
10774
18495
18027
28214
28524
22315
1377
30715
12067
18785
23939
1685
27545
11230
22191
19778
24486
12227
2081
24673
11441
24329
6707
12572
18091
9901
30977
27383
14935
19980
13279
16195
30856
21595
31841
3445
19582
1492
26543
16952
16813
3008
4817
8418
11943
42
7954
30092
27599
9519
3058
27204
26850
30288
9235
32618
20945
19133
1250
15788
15406
14448
5141
3434
21727
20442
14783
31605
1129
15455
17425
4926
30154
18013
11646
886
2862
7442
20722
171
1102
19833
30457
13052
23409
2154
17734
17698
26534
3372
24747
21804
32727
14071
21443
17451
9111
15070
8159
10722
26479
21552
14910
30884
13680
28065
15892
12108
24278
30652
279
24724
12532
16920
426
30120
3748
30909
5926
30066
16046
26270
19947
9791
5518
28687
16683
19033
23609
31746
17276
23883
10621
32694
10315
4412
12125
24774
12872
16054
20674
7663
2306
12357
14237
29137
4826
17675
20
21467
5695
22672
7982
14611
11871
10267
22490
29232
21259
19638
461
1381
18616
940
26538
3840
9616
19176
2505
13014
9010
20993
2770
12202
27299
5715
19557
11916
14810
20671
155
30449
26399
31871
8578
12717
4436
20249
15574
23587
10064
12548
16623
25485
3607
24290
6887
21002
25819
12250
14823
7434
21560
27130
24933
19727
13341
14729
9246
19363
27653
3939
28418
15851
25505
2732
27654
14049
7157
6591
7379
9852
14222
31934
24393
24404
24702
11011
11365
15056
20040
8385
2135
23459
26772
2878
19642
31801
10887
25040
18156
27290
21586
10435
15456
28665
6177
19342
8772
15660
18687
31417
16709
27370
23772
5331
19202
15685
20472
27228
25094
22165
30677
4945
21774
10830
17690
21858
19664
14970
25134
29992
13769
21915
3558
11450
8958
8022
7118
13576
23139
25170
10757
30390
32725
7497
31734
4670
19526
25202
19532
13134
29075
16819
31347
13855
27181
25775
30008
1111
18122
19431
1985
16161
12523
21724
31401
12069
18792
28353
4744
31179
13021
143
25048
20364
13629
378
5503
6660
20343
13654
20324
21223
5898
24591
6736
22715
2124
29412
30876
30617
8164
29121
30877
15703
16887
28325
25838
4456
26117
31767
10273
23392
10235
7654
17141
929
3899
2367
21674
14255
1429
10473
573
18223
3261
3491
7044
5129
9838
13971
2993
25682
2813
7589
1058
31910
13857
1447
23409
12222
14801
3075
16274
15699
21462
17791
28502
8117
27135
1872
17235
16301
15758
4066
25502
20979
21968
2429
16713
17068
26480
13584
26766
24746
5848
3676
30575
26841
11579
9645
15893
10581
17784
661
10124
30363
25283
14564
20773
4196
15344
25653
31584
9340
971
14569
5131
1494
31253
6115
5363
9987
22464
16859
12143
30582
8548
2253
2256
24913
23169
4237
19523
8230
23282
32537
7719
25389
19775
2374
11102
18658
9631
13844
7480
1087
25073
18206
16383
18638
29077
17021
14898
1410
29178
11228
10118
2942
13142
30767
5874
17048
18054
18608
17984
12980
27208
27200
26988
28428
20821
41
8660
15030
10869
7437
4312
6869
14503
9634
22382
16176
11796
23177
7978
12461
28080
29880
2436
22959
6182
6810
19893
22948
30851
3027
9360
3124
24427
18442
11922
9257
16648
16869
17907
4394
9328
24478
11588
7490
6342
17077
15756
1670
31930
26754
28101
22753
30186
32713
8928
22540
13120
28438
13193
9789
18945
13993
16756
21186
31071
9370
15379
14116
15351
12917
31838
8889
26038
11863
12116
1017
7062
21114
8042
6632
1959
5833
3861
31110
30798
7001
8969
25483
32378
11549
28690
3256
24380
5437
2921
16456
1505
10476
17025
18071
12588
5150
31742
7913
6457
16402
529
29941
18729
21645
18463
4011
29059
5396
1523
27010
11476
19325
7859
8900
7544
25424
29877
15485
29945
16129
31278
13066
2469
22815
9231
4084
32043
14526
25207
10950
22453
30897
453
25272
19920
21979
22315
27497
31186
1831
17278
8936
24690
8387
14870
19569
20478
27505
758
3862
16566
13426
26039
10749
26735
28991
15860
1276
30798
27043
31918
12281
12865
27650
15200
19805
14424
14430
26986
32067
1550
10693
31055
20473
2342
23307
31510
218
9329
19465
9629
4122
17085
10517
25451
17978
15275
937
28365
31907
26113
28994
29762
22290
8625
11542
18161
7353
23363
22334
28236
26924
9789
12780
12784
16876
5113
24792
23792
18474
6614
28252
10213
31627
692
7165
9276
6734
18615
14925
19257
10374
12512
3750
27812
23210
6111
30606
12215
17357
7201
25544
14147
22057
20339
20857
5455
13655
2610
1553
31720
31845
5740
26752
20671
30648
10505
11208
6704
4888
14387
29382
25126
26066
30426
891
22254
22140
5168
31420
27206
25765
11984
8996
18023
25207
7854
790
25778
3497
8870
25249
27598
25685
23971
6831
6088
5625
17071
15339
31917
31866
27005
23194
409
7776
2037
5208
15127
13965
3069
25740
28460
22352
30366
18658
8286
7986
18584
16250
10993
22176
21524
18534
20288
6088
7185
21802
26715
30893
26069
24670
28843
17909
13020
26183
67
2341
6172
12970
32527
1140
9300
24732
29059
27990
26571
6736
7892
5920
29817
31609
32376
13375
23262
18404
4815
8715
14560
17112
11107
17335
29064
21048
9157
11704
26509
1368
11110
21502
7284
14157
32400
18359
24540
16432
25994
9279
18433
5513
12239
27897
29276
5016
8996
18342
8871
14979
4136
536
8946
24482
19640
6805
19894
13914
27624
2481
4744
31909
29014
6970
17738
13428
25976
31049
29354
5247
22659
8097
13063
13305
19884
31317
8586
14926
32164
15792
7933
16939
16091
23108
29327
16920
22334
22560
16247
15930
