473
456
759
547
987
303
277
306
844
700
570
962
885
169
547
972
149
491
90
855
717
444
355
978
385
262
584
450
101
172
124
61
463
287
858
641
456
208
301
670
784
620
130
82
10
692
505
466
474
988
946
0
688
475
327
54
307
10
781
338
781
15
59
168
757
149
585
871
832
768
640
765
336
705
776
226
165
447
744
250
14
361
70
717
643
69
585
832
189
556
974
685
748
909
847
908
667
421
486
303
935
595
594
223
393
852
326
236
697
2
851
243
251
472
514
238
134
30
123
33
173
669
723
145
287
900
673
734
675
934
565
174
708
923
389
394
607
742
513
887
500
771
723
458
714
26
576
944
845
94
578
316
593
489
475
78
677
612
34
828
840
574
300
88
37
316
119
436
358
126
322
170
897
963
180
924
746
207
98
560
652
939
247
627
817
618
153
640
995
347
218
315
923
502
425
416
495
920
448
118
740
968
858
654
58
377
446
695
209
68
731
912
544
56
109
808
960
659
402
538
854
390
87
718
715
413
99
947
792
498
38
714
248
68
724
671
755
951
429
689
1
850
918
269
370
359
88
228
892
717
552
935
151
46
400
456
850
929
71
75
250
831
413
762
831
977
299
252
415
75
957
180
211
70
178
142
45
492
709
918
750
78
445
761
354
794
529
160
732
907
876
540
699
162
651
368
156
60
323
645
701
642
978
32
77
773
151
779
695
549
621
436
572
762
204
609
658
47
467
6
831
356
43
257
938
748
767
588
659
531
319
939
651
514
699
693
79
443
618
241
500
150
223
728
289
990
353
805
526
318
683
260
610
702
586
722
805
33
390
689
919
557
475
384
828
230
241
8
92
349
457
719
656
243
298
146
973
177
391
510
683
651
614
388
828
171
52
255
849
942
717
924
648
157
958
903
545
439
88
678
396
725
979
671
755
638
140
462
613
609
625
958
835
584
543
876
531
591
123
83
642
326
564
108
368
734
23
13
283
891
932
543
951
5
811
261
685
647
485
11
212
467
361
279
735
652
662
346
509
652
923
877
292
904
587
246
800
246
762
818
513
630
275
113
329
855
716
730
786
178
286
166
197
511
857
663
753
759
875
412
406
725
67
129
783
241
378
639
594
964
44
501
830
794
549
449
761
854
78
956
532
758
435
63
553
544
536
39
255
895
780
959
288
740
256
797
935
925
174
803
188
511
646
812
432
520
311
125
674
32
174
341
168
294
847
628
947
105
850
471
391
236
185
204
872
924
700
844
266
363
795
80
217
647
648
664
161
319
601
404
412
8
678
535
25
9
711
851
646
258
940
504
759
265
126
762
445
498
350
850
179
905
237
257
293
966
556
510
415
414
211
243
638
367
121
456
372
925
164
367
796
775
652
580
812
787
513
89
291
178
306
787
288
794
996
445
492
323
571
544
925
236
720
350
77
830
417
542
117
775
469
866
183
834
807
315
533
332
393
881
708
435
342
998
307
151
669
753
210
848
966
243
429
117
124
717
726
654
748
194
57
560
964
435
92
801
799
297
724
949
415
469
106
431
222
326
521
436
773
10
381
795
821
979
449
334
212
126
945
68
334
40
136
530
178
238
694
748
160
890
982
74
759
203
252
350
484
674
231
757
132
632
739
59
932
409
879
963
293
974
638
293
811
384
100
540
349
487
345
232
223
752
452
841
715
527
209
953
590
265
361
762
238
260
363
933
520
252
26
624
276
527
355
959
617
681
254
828
92
258
556
648
602
686
496
402
164
167
357
151
654
603
817
730
627
942
711
544
36
995
421
168
916
439
232
749
470
988
543
724
96
305
917
208
833
146
451
624
464
331
295
408
505
8
990
540
206
427
119
855
574
995
182
812
496
342
388
689
587
317
992
58
73
180
991
25
869
106
585
381
377
542
339
893
91
580
955
647
237
988
31
85
781
65
580
107
354
959
665
941
387
340
602
372
881
397
672
406
198
241
513
672
921
974
427
706
293
223
551
253
326
466
746
250
747
827
670
734
475
530
939
652
104
734
98
292
914
792
388
153
487
814
246
576
634
507
23
78
245
340
196
540
186
431
86
428
905
613
476
744
393
405
737
786
735
630
703
412
961
49
887
321
97
676
253
615
631
137
137
606
80
45
213
35
854
137
819
465
689
271
394
369
259
610
355
299
183
535
613
475
763
343
979
412
405
778
454
504
350
530
242
856
748
988
804
257
810
859
836
108
774
139
132
56
504
64
232
385
525
545
1
777
267
702
863
846
394
921
674
187
147
564
859
84
499
554
920
600
765
24
775
392
908
566
425
131
787
937
359
633
750
571
210
752
591
620
492
936
498
894
153
850
390
113
668
479
937
13
141
355
655
885
491
192
281
776
574
419
257
682
799
789
489
93
414
575
470
222
657
262
793
746
786
285
856
348
969
298
140
876
379
401
292
850
107
870
788
849
503
472
523
916
543
4
509
590
47
70
468
714
762
6
769
788
881
739
183
977
819
528
404
88
28
149
355
574
857
792
242
975
10
518
670
407
388
777
525
687
162
78
19
934
297
93
718
320
51
399
974
872
334
428
265
331
124
315
780
611
232
310
904
782
139
115
913
947
195
460
678
737
464
830
186
167
745
379
769
438
24
890
871
934
310
285
854
393
314
206
637
567
305
194
750
670
953
247
860
651
108
87
79
636
509
4
284
672
80
38
658
775
567
384
696
458
387
61
401
94
184
39
539
137
692
23
943
184
523
662
919
566
205
608
927
571
425
395
876
660
364
278
694
599
249
547
234
233
179
595
44
61
683
588
222
480
844
773
109
804
661
355
5
78
578
691
830
272
918
309
650
374
859
61
604
310
987
44
8
59
337
909
559
745
952
730
909
913
552
440
420
148
648
646
866
539
723
940
186
961
560
739
775
291
975
63
7
832
866
381
27
35
293
681
77
78
262
609
91
260
199
456
817
632
882
577
820
760
943
633
247
212
298
308
263
569
598
343
171
324
448
612
132
223
606
802
178
866
63
450
308
658
475
416
495
420
773
565
268
482
561
207
811
197
523
799
560
591
571
337
553
739
905
83
239
217
766
87
723
915
293
253
442
681
662
263
12
312
401
17
664
316
775
778
608
278
202
183
912
861
738
510
482
58
535
492
188
573
753
894
446
324
418
666
975
44
325
851
507
291
865
422
963
651
329
618
216
657
670
570
22
167
356
866
37
208
799
218
334
665
158
525
119
866
327
363
749
336
227
614
537
294
532
720
990
332
284
975
931
539
783
723
200
712
334
442
646
578
267
485
443
10
709
169
944
688
45
835
871
342
295
86
354
32
700
468
45
488
167
211
572
750
181
52
347
461
22
594
230
468
701
338
996
384
263
981
384
646
987
742
651
219
948
958
852
916
271
773
136
966
974
324
32
20
204
400
857
92
449
769
706
7
341
294
508
626
483
545
121
343
658
967
966
588
74
897
598
982
151
40
276
23
375
875
528
895
930
789
761
589
71
600
83
368
162
972
839
320
303
47
418
870
308
707
239
852
969
27
576
225
446
549
545
20
446
145
353
499
156
551
127
250
362
471
36
587
163
231
636
102
448
145
484
785
738
6
543
814
911
567
372
996
439
841
876
63
432
415
64
744
952
844
389
746
565
487
759
331
437
860
760
892
362
546
179
111
880
738
598
163
782
473
997
936
265
290
135
337
780
517
540
494
685
992
16
599
319
377
672
522
334
935
82
211
210
482
165
999
474
673
497
62
261
503
382
13
338
548
906
817
938
684
244
217
212
50
527
932
725
845
709
361
744
455
363
312
713
686
240
678
185
57
997
889
139
206
395
450
954
226
135
201
153
273
423
454
834
956
111
830
454
130
7
844
93
846
401
723
605
55
342
501
552
714
577
652
783
85
284
831
922
201
864
483
474
610
771
263
971
381
590
299
53
396
605
874
841
750
520
482
799
983
499
893
610
60
250
620
282
366
975
755
300
902
751
347
425
665
199
250
961
789
464
559
760
631
720
1
376
908
533
734
631
520
133
605
450
572
136
814
902
224
386
34
627
284
644
462
880
733
364
161
484
922
880
862
584
210
277
25
808
953
258
52
887
201
703
701
619
857
257
211
710
129
441
925
32
976
451
705
468
818
843
409
294
581
932
971
967
140
534
225
815
518
963
567
291
774
511
104
870
336
993
46
535
852
907
39
846
504
509
144
535
573
485
683
104
224
764
578
549
579
435
581
593
308
89
447
611
776
412
442
931
127
969
120
333
668
591
722
760
209
696
20
413
214
160
364
305
868
571
40
509
495
17
574
794
190
791
198
260
156
179
935
150
782
469
201
869
112
630
534
919
245
263
299
717
406
103
694
40
819
53
87
87
306
497
248
48
166
543
695
786
875
500
895
339
974
943
818
546
210
167
295
560
308
474
687
116
418
683
77
148
948
395
622
357
320
844
377
148
894
608
243
231
525
33
360
401
668
220
894
556
663
144
80
706
207
239
127
845
181
240
347
644
293
158
128
910
897
608
393
890
805
999
413
595
479
869
974
447
939
927
346
18
351
136
432
914
448
317
534
