30502
955
8231
28791
14802
17126
11390
7335
13271
3514
16839
828
2537
15482
28396
26619
18162
26083
11120
22604
7364
6273
20782
14731
27767
458
1108
22393
1039
12042
16270
8712
23473
17427
19366
5979
25956
13732
8731
22070
10627
1332
7664
12080
10135
14355
26662
22505
5348
3965
3927
19805
9493
4172
5687
11901
8067
1617
18903
21807
10664
31232
7199
30113
18469
6444
7214
10852
16501
20997
1499
1939
19291
23035
30168
25510
15443
7668
9756
8830
1976
24012
9389
3253
28384
13459
9820
4373
8303
32723
837
23537
15958
6531
8201
26384
25440
24962
17430
1601
