13151
24563
26269
27513
23357
14789
23561
21448
29293
24740
27095
15601
3454
1443
5320
25195
634
15560
11120
1412
10300
6333
8735
14142
25861
13755
8902
13303
10822
3842
28636
23519
5345
18880
4552
5933
8436
8777
8444
10501
16301
2962
13616
31373
25120
11973
3275
7660
3338
11863
22629
22371
21233
30123
27915
10939
1774
9620
656
12008
17460
2719
9690
19757
26994
1864
11023
7041
28254
12126
31188
9320
30626
30453
9019
15027
328
17037
25284
24618
10153
4046
30454
28078
26898
18846
18452
29544
30218
15648
20768
17075
16191
5284
17112
19129
5327
32016
22188
25278
20300
13488
19955
13432
25712
18048
9686
13623
342
2698
1744
563
2953
6145
1976
24650
25839
22013
4492
7243
13725
802
22812
69
31435
619
2098
12828
30969
32262
30128
13437
11539
25731
4350
16673
12066
2665
4380
30975
20796
2012
22407
10877
20718
3991
10924
14053
10374
14085
31694
23980
2236
5922
972
30947
22475
783
6088
27311
25334
24974
22997
3282
19585
29818
8784
27513
32182
1119
15736
13552
7628
23209
17143
10395
9440
5869
32761
22110
3875
26712
5719
26392
2110
24991
25584
27970
25352
23011
7798
11434
27982
21451
28814
7669
29500
2412
23531
17078
6242
7861
15959
30054
17263
26824
22668
1852
15534
31661
14787
31044
6074
4092
6944
32508
32170
22268
5320
6745
330
17907
30329
23703
5059
17635
23300
15203
3652
15997
18246
31182
5591
1546
9328
26754
20315
15408
8350
9752
17192
17199
7207
29254
10562
29223
7277
32270
2142
3487
31454
21217
23472
23896
24123
6474
30553
7382
21027
5601
14264
17276
11317
31867
11041
15018
17695
12121
18673
711
31655
22250
20712
21894
2462
13142
8817
27453
7195
25870
9445
29628
28808
12474
19346
31917
4447
5775
20068
20304
20671
22117
10533
28318
27263
1596
3436
26751
9679
31544
18522
22285
24093
3949
417
13015
25042
32393
8601
26302
27606
27717
22449
31102
831
27087
13242
9259
8722
10396
17132
21466
12498
29015
15451
16252
9103
11554
18353
28708
30329
24500
18980
22699
26861
23142
32103
18407
14148
5471
12847
26907
2376
31584
31666
15355
31914
7093
14009
999
25070
6119
24628
21768
7451
10912
5873
21542
12396
10665
29921
9025
11832
3739
10149
24888
26508
16833
2944
22882
23656
925
5098
10449
23261
10980
8504
8110
32167
14531
22593
20789
14165
22632
28011
11651
7354
13958
16745
32615
30520
10765
4390
1985
24018
22938
13436
32713
11680
15825
10234
18341
19444
12704
16647
22349
13096
23114
2491
5960
7222
16162
8920
21836
13695
29357
32597
25552
8085
5327
22997
631
5068
23887
3898
22617
1276
27133
13545
29007
5954
7022
11631
9515
32287
21402
17966
11334
18268
7026
11797
2879
8795
22580
23580
23553
31613
8032
32293
32623
1610
16019
18435
25636
11616
21867
13676
6606
22549
28460
23326
25241
28496
4042
24878
20056
8698
701
101
16052
28623
13151
27988
19441
26855
22152
10172
1595
23997
28860
32547
4380
29828
21651
16568
16965
28259
28990
27274
26479
31914
7843
5753
5769
10378
17396
6790
8841
29711
9011
5110
13139
21993
29462
1197
21322
24056
7407
27096
8202
10568
21632
29493
14909
8149
2176
13836
10360
13856
4365
7930
30668
13466
3882
17144
22084
16954
5194
11649
4584
27526
482
15420
25461
16292
667
24254
19403
16428
12342
29930
32622
23654
31889
13593
13428
20544
14780
5002
3792
18033
26729
26394
11006
12836
13809
5047
4557
26597
3484
23292
11404
28263
20540
20245
17380
21584
3124
20139
3914
29073
6345
3509
9773
29932
27432
25214
24481
26719
2209
20382
14447
17985
30606
22465
3116
25050
830
4529
15460
32572
28155
21097
3007
21551
3925
21394
26840
1204
30577
15457
20703
14553
861
3899
14892
27377
14528
1881
4545
25074
5509
5683
8641
22325
475
2504
30896
18306
26101
3722
16265
131
20014
30505
21026
226
13214
1300
1265
5610
31208
13211
17549
10395
13329
26809
32731
21147
21
3679
18320
3604
29986
14606
6759
9288
17439
31252
30482
23680
5348
12777
32580
27188
21547
9667
31454
21633
15245
19264
1397
30944
24283
22045
26111
904
10199
23530
13008
9542
16929
10928
9923
32364
2602
2363
19159
3071
20897
24746
1129
13837
17313
9199
27456
25835
23690
5751
14777
28403
23600
3509
16919
7010
25542
1815
10032
3707
31642
6139
1155
25113
7190
7300
30948
3812
24045
7671
1618
16514
24128
6644
11090
18983
31259
8711
8503
29725
17524
30265
14873
3934
3808
25145
23172
14226
11963
9965
20067
4699
13922
10993
74
14582
31017
11035
16645
31155
9764
15654
18337
19917
32367
30362
7414
9372
10548
24995
27705
11915
1185
923
22740
27778
28912
21989
25603
10017
3845
12596
325
4193
3876
18570
2970
26427
30910
24139
11031
10252
24842
4575
4041
4454
26577
3342
21831
29083
11840
6331
30685
297
23474
10833
27418
13085
22650
32580
906
32282
1390
9976
9113
16552
8262
5688
32500
8357
22063
26151
15705
18703
21493
14924
10381
6172
4865
19966
12222
6152
3718
15163
31524
20075
11906
11048
7012
7736
15529
9893
22929
183
7019
27462
1013
27151
15090
6574
10920
16748
22662
5522
23424
1516
31657
16682
1836
6260
11231
27045
31333
18939
10712
22396
18204
21906
8429
29136
14638
10777
8422
31605
3698
7118
6092
29732
5977
2714
21246
29287
9133
32131
18226
16988
21118
31085
16651
30633
9467
6101
19634
5427
6038
6289
4038
25500
29447
6616
31413
16146
24890
32351
27626
890
2037
5151
17149
6324
6247
18899
22856
10889
18890
4069
20330
28615
9684
22398
23908
29989
4025
29909
30328
27340
16842
26818
23766
12056
3262
19535
31323
10298
17537
9148
24252
26243
16541
21501
18038
3171
2369
18818
15614
27065
14300
28082
2614
6402
5625
20662
32674
14698
2435
18529
4471
20877
11251
6942
28163
16080
8368
19940
26053
10860
15887
592
11272
2358
1148
12150
10286
277
25811
32550
18628
4181
1680
6890
10933
10057
23440
4505
8390
872
27057
11053
17886
17218
26635
24011
3271
7807
540
17822
11702
25325
24707
24590
31629
5496
13939
24642
21640
22864
16678
31236
24565
1978
5457
19256
27615
13974
32447
28722
10352
9914
20241
16662
17328
