-330
-381
726
-885
121
141
-551
135
260
-675
-567
-843
331
684
942
-284
850
-699
-488
-40
-700
815
-645
-688
-393
-260
762
371
-555
-611
-33
119
423
-448
-538
913
-583
-770
-1000
-788
23
-124
105
-120
369
935
-853
39
407
199
-941
-648
-338
837
167
679
976
-889
978
51
551
-248
-300
9
-523
718
693
-29
306
-919
-568
719
341
903
799
821
-613
-57
-137
721
-553
-216
238
209
-415
783
136
-657
801
877
-309
-550
656
-957
576
68
-37
-831
-196
-464
-916
547
337
-781
55
475
-4
-985
-221
32
236
564
-172
-436
227
-88
-321
-734
188
480
-994
593
380
245
629
-923
703
-101
-615
-49
769
394
-149
688
156
-796
-466
-508
-253
628
-803
-811
290
-869
-208
352
402
-272
-271
-169
-642
151
-553
-596
-249
386
803
259
-590
-636
67
-885
-527
-560
695
-724
975
-722
-461
196
107
24
-75
889
-17
-381
-228
-699
-870
384
-572
469
274
352
-813
-244
-429
-540
794
-782
-880
-682
477
-231
473
179
349
176
-817
308
-542
368
-436
-978
-413
-874
810
-793
-287
-483
991
733
541
-302
-314
-417
-600
306
292
-396
-571
-48
-507
-657
359
-968
370
-293
505
-165
214
-701
872
437
-985
910
771
-581
602
389
-38
104
67
-616
-932
2
-339
685
389
131
-819
86
490
479
165
794
-464
-384
357
766
835
-664
776
-237
636
-92
-810
-548
460
-988
-990
185
132
621
624
641
707
-784
-938
468
-340
-489
-464
-484
-399
453
-503
-840
-953
268
524
-36
921
391
-318
-268
40
966
-526
721
-349
-972
67
-195
812
581
463
778
-32
-616
521
939
-817
852
-388
833
-446
753
-139
-723
-709
-929
396
997
-607
-309
210
-61
-203
-385
807
897
260
-751
967
-729
-200
-20
761
380
-121
790
-155
271
761
-390
-133
-570
259
17
-215
761
24
-232
-298
658
-744
513
583
-4
-187
506
215
518
-184
768
415
142
-17
-431
168
-697
621
-901
20
293
21
-982
421
-804
542
-82
266
177
614
783
60
526
-121
-243
-215
976
142
-872
-186
-51
909
615
385
-610
334
578
902
995
-427
-445
234
-629
901
-251
-497
866
172
-929
241
-81
-35
-353
793
-103
29
291
230
-779
-362
-946
920
638
-910
-824
-297
-545
724
451
212
-214
805
-69
-440
698
-80
-729
-752
639
740
140
400
-689
362
-436
-977
937
-250
896
647
-215
842
481
388
44
-621
15
-55
471
-258
-337
-668
485
-655
-392
-35
987
-697
-346
-328
5
-304
34
854
-13
-131
501
943
682
994
437
868
72
-173
203
-373
613
-318
307
351
915
-851
950
581
769
