13742
13060
25850
32136
3694
5021
17739
17501
29588
11666
30971
11452
9519
21619
1915
14290
27882
11642
13192
24861
14600
16374
24609
7377
3339
2659
9939
32406
20731
9909
28061
30351
14160
708
20619
28444
10726
28368
13638
9523
28682
18505
23735
9245
9878
22375
14120
17786
26281
7344
9642
19825
24154
6022
7516
11193
9730
3444
17339
17491
14948
12101
29817
28603
28380
18879
8641
5855
5199
31620
11953
29351
14778
31793
628
10361
11330
16812
13577
2
14213
15063
12576
25784
29240
29000
15715
21574
24345
28480
26659
1328
6208
17744
2117
524
7368
9578
32125
11935
19514
12693
27567
9869
17899
2588
9861
32763
2223
27674
18433
29426
12245
26200
23081
22950
20114
3577
2361
11541
5916
22597
27056
16834
27014
5813
1948
20853
808
24029
2698
5999
20437
27828
18650
8751
30869
13103
2426
23014
19014
28469
22948
29627
21533
1581
10951
14606
4177
31490
3205
8658
972
7916
16974
19004
27461
11195
18306
26575
26241
19274
6996
18558
29840
14385
16787
23106
17959
19658
16201
2735
6184
5645
20123
22196
698
13132
31762
8594
6814
7242
25078
3048
20622
28885
25033
1671
21312
15472
32048
12746
31521
2141
13824
28696
28586
13890
23267
8257
12883
11504
29027
25980
25501
5338
10232
15111
29397
19000
23144
6896
17583
4807
6339
23068
8125
2412
27358
23681
19659
19435
1247
28935
21880
28656
6246
11403
7948
8374
19958
30675
3286
29500
3816
29081
15084
9830
4605
9456
15940
10196
31668
4436
23934
9132
16432
24038
21294
9632
21881
11779
6316
30900
13608
7961
27950
4911
10164
28201
7574
11820
4413
23907
15417
4775
13708
13927
32766
8290
24357
20712
24449
27827
266
23516
28289
4845
19303
5739
3043
3076
32076
18826
17816
21194
30194
2453
20422
11247
13497
13249
3667
17108
6585
29640
28490
4609
12870
28433
3725
3262
15322
10361
24289
24514
1460
3819
1507
15498
17478
9337
22664
4554
4506
19497
21795
19039
18259
20623
6878
7244
194
2247
30088
23739
14028
26357
715
2309
210
3367
18375
12792
18207
4685
14758
29800
9731
17870
9564
32179
16713
30897
19291
5398
4890
20650
29351
27918
22163
27522
28301
16167
14898
20850
24251
25508
26305
21092
28612
32217
29526
26436
20528
19051
31475
9703
2725
12303
25391
18446
18120
16595
13316
9670
2197
17100
13649
2299
13995
25777
28202
19369
25677
13875
1610
14279
2578
8
13545
27579
25536
127
19367
27604
26888
23223
20628
770
6142
28667
8180
8940
25261
481
11433
24871
3318
12673
26474
14210
3234
2192
29235
10653
13601
19884
12995
30054
15037
6624
25991
14157
19241
20297
4949
2638
18739
30318
26128
32026
1098
20586
5532
30732
3426
24049
8557
19647
26006
1239
32204
6738
7504
8957
12895
19298
23337
13566
19994
22927
25901
17226
26219
18113
28001
20915
212
3881
8908
11072
8273
19972
17552
8704
72
8989
28394
3757
10747
31574
9440
10119
19036
1800
31160
25176
10756
10968
27943
23073
21039
15827
16481
26150
3207
6823
32314
19658
14361
14135
15602
26746
17758
28317
17145
7382
22835
25409
31589
30407
13760
2382
3132
26618
30745
27008
869
30997
30594
15779
21087
3733
675
22567
3809
6857
10835
29840
24626
11218
1575
9254
4155
13453
25007
31861
6387
20978
14724
12933
5600
18742
6527
8371
29508
6052
13553
29729
25113
11319
8004
22982
9855
11529
29980
18409
19125
25135
20571
16020
7266
5175
30997
3236
4576
12523
28829
6970
13558
15577
5950
13404
10571
11284
29861
14125
17908
27739
29702
32384
11726
31610
20000
29441
5842
1448
6533
7982
9538
26473
31171
16516
26924
2425
4944
14015
30075
6948
4083
25981
9325
17244
7241
21824
13259
663
14612
2581
10970
27603
12922
13888
28669
28004
24551
26067
9632
21564
21208
16678
19424
12524
12794
21587
12918
673
21153
27495
27613
7554
31584
11091
29706
6768
29569
23421
18650
10262
3088
5965
29467
9819
29712
3367
8195
32698
26292
852
8352
10634
28211
341
20350
11388
12946
23265
13740
27027
32428
5931
20346
8929
32509
17606
24836
1656
878
31445
4763
11161
8403
10829
25517
7292
23452
11651
18183
15647
6230
1261
16227
21667
17886
14562
11286
5664
13165
27369
1220
8380
22164
20338
6717
14284
27868
939
10730
32650
845
30554
25270
17496
13034
24270
18835
31705
12502
27191
2029
9968
764
12492
22464
13281
22332
24584
290
1027
856
19070
29557
9930
16361
5380
29195
22555
779
3012
11311
28864
31604
22541
32060
10752
4013
32340
1210
7203
29406
27606
842
5256
8135
29101
24648
21243
8970
7198
6228
29366
25094
17394
26450
28491
30717
23882
758
14713
30
27083
24261
7950
6488
12763
30443
24549
23953
5953
6
11454
5674
28149
19947
19857
5182
4587
32292
7461
2868
16943
21176
25955
31293
27452
30370
11647
11795
5855
21466
25375
25966
22334
22775
3902
31137
26588
23269
14287
15796
12093
4817
2708
22138
14706
13026
28042
23461
27595
5583
9691
28903
8210
15607
18088
29202
8539
8629
11167
2295
22658
29965
25545
21909
1930
9260
1923
31628
28618
855
30299
29872
8402
526
16749
9500
11926
16297
10076
18159
5173
21757
2540
7611
1046
2410
15697
15027
24769
24609
25493
9791
13867
31347
15886
15638
13931
31660
579
16084
4565
32449
27572
7052
20182
7095
25653
11469
7470
27545
25673
11774
8942
2886
22705
31753
3852
9652
32731
12118
22500
147
31018
29764
19042
1699
1915
30681
30475
7507
26187
8644
29942
1940
25564
10848
20058
20099
16763
12993
28993
10134
9964
8332
3465
22313
31592
3481
3002
7601
5446
19128
11094
20526
16514
13642
20402
20867
12302
3329
809
19829
4222
3433
10849
1768
6049
30907
3728
21656
32547
2188
17212
24459
31598
13873
6530
24489
29385
5977
7178
2084
6698
2761
26028
17722
10812
9334
3362
27460
25837
23949
4523
10708
21803
20189
17923
3610
4182
9431
17868
7789
20683
222
17105
1260
22154
17095
20513
24433
10717
8111
18714
26783
27443
16160
6503
30963
28801
495
12955
568
26852
9212
19449
764
14307
27576
10990
15263
6866
685
1972
23247
10526
19432
3743
14673
18608
20543
4693
25279
5191
27546
2629
4610
2330
21051
22733
22362
77
5431
7841
32431
23001
24704
10537
27793
25980
24690
12188
27650
21891
26866
14740
32711
10456
9197
19086
30913
27159
18563
25925
27613
11153
3170
8492
2004
19488
32590
32308
14269
7807
16680
20765
29755
29435
4139
14313
19409
18988
27736
8672
12638
24254
23460
9752
9740
9825
27541
14327
5634
12314
6541
17494
2307
26222
5130
14632
17213
4353
8126
5549
22072
17412
11459
28482
4189
9363
28248
11431
13744
31520
7347
25975
15091
27046
28290
23867
8945
14559
254
18708
1886
2028
21470
25506
27273
31390
26648
12020
25023
28431
3082
11682
6757
12354
27052
24423
2357
20356
10166
22363
28926
23593
17248
2766
5102
8317
10597
21670
5447
13850
4494
15470
4224
26281
9690
14526
7935
7928
20500
31452
13389
30872
6054
23381
26467
25821
9757
24619
31011
7318
2158
10838
10258
24403
24537
21230
25499
32292
7905
5703
24140
30984
20004
20651
13538
2563
8369
3848
5613
10587
21899
24263
12585
6396
29233
9793
21435
20138
11688
11336
21448
17167
11011
12128
30013
9602
6510
19021
11090
26929
12754
6079
20203
20789
17933
16612
23574
24923
23141
26615
25710
7651
16803
23132
10273
11952
30729
23023
31959
13532
7389
19664
7271
24234
4335
27064
30501
16905
31980
13004
13373
28413
29981
25816
17252
13251
29564
11124
32178
27967
7794
28123
169
10017
4720
10580
29192
16412
14840
28653
21427
25289
12516
27640
7511
2652
27618
4399
19264
88
14546
12318
8646
659
7895
4866
3726
19294
22412
24200
23360
7364
16287
5169
31216
12028
26034
9858
17222
25184
14666
26299
13187
5109
26772
7936
30121
25371
9464
17445
2822
22734
29739
2669
13751
22488
20893
23586
4372
29548
27760
1248
11182
30872
1799
7817
26352
28344
20439
25575
12521
16382
5895
29695
8080
19276
12183
899
24337
6549
17389
14606
3415
29464
22386
22851
3692
9041
21442
10327
9497
16373
13336
19206
11168
26388
8914
25155
19120
18097
20237
32216
11870
27022
15298
29352
17516
20087
6635
18884
8363
24940
19184
8110
30644
3572
12906
8279
26047
2396
13428
29463
6677
11474
16668
21695
32677
31791
18739
21019
3462
31876
30182
31308
16049
1738
25921
25131
11864
14115
7752
13218
11911
20751
25241
23774
8179
18154
30993
31296
17854
26792
7625
21892
27386
26669
3245
2805
4401
31943
6840
17363
4644
17835
14234
5195
26265
8771
10518
7786
2361
18834
27923
19457
30085
11417
19194
1055
20128
15321
26910
25080
8032
5754
25735
6266
6005
13541
28281
31921
30592
5521
742
6114
14856
6494
14999
11331
15783
20823
19189
21784
15914
29571
27051
30743
27621
18204
20953
15166
1959
3369
18542
19814
4808
14797
31188
28413
26661
1021
7065
5847
7548
29911
32422
31121
24441
8477
18703
15098
9753
25785
27198
17428
13897
7254
11086
16351
852
18702
30362
19022
6961
1350
3354
711
10887
15193
5266
12009
25787
23605
17489
19555
5823
156
24050
30004
18962
1452
3727
5760
29050
12520
464
7693
7112
14973
4179
30088
27099
18781
7670
11093
10528
12181
12689
22563
5678
1068
662
26373
18202
6279
29254
11941
1277
11675
22542
7276
7569
28566
7347
20113
20914
14527
19005
6622
2783
1685
27498
17511
29906
19264
10367
24299
17971
28785
12993
18450
25913
12101
4828
1462
8808
31455
32038
7090
230
12969
12343
11573
12024
22811
14463
22001
5386
5178
7118
5777
12417
9800
28196
13442
390
16644
10967
12459
23447
23066
3452
2710
15738
20907
23408
14017
23339
11463
3593
14761
13806
20819
20509
28368
13900
27090
31942
32632
31625
6166
5833
7571
29707
9243
16551
26782
15081
19089
16000
8411
9880
28461
18434
21784
21526
15578
16135
1235
30184
8467
5368
24192
25635
30217
4106
16795
32518
905
29694
27071
8085
16327
28957
31259
16168
8089
5056
20381
8588
18615
4274
26979
903
21033
9538
15524
30979
30632
24716
18900
22558
28109
25845
21364
13481
5625
26299
15100
5398
3982
28012
9741
25292
4835
16562
9133
20755
2165
29123
24878
17206
11616
7335
18531
10315
11833
17940
31184
29263
21060
14219
16937
22932
16315
23204
29665
32093
11555
12425
20349
18960
2309
32712
31495
16688
22528
4638
17046
24877
9321
7379
4529
12033
12651
15103
5268
8386
30311
16699
21711
1983
21963
18952
988
8941
16108
22017
8684
18232
31861
7977
29865
22647
3546
8593
22314
25615
28147
5886
13476
11779
8190
2936
20427
19643
25663
2774
2137
10654
27852
5299
12594
3441
10954
25039
2048
30944
2899
16504
11845
1583
10360
3192
21641
13668
26371
13646
18892
11829
26219
22726
22715
31313
9429
15400
15459
15806
10265
14243
30215
30605
7375
558
22299
22138
16897
8402
24499
13851
26392
31381
8026
3349
5211
16135
6349
25711
934
21216
3834
27148
32499
22537
22377
25189
1935
2250
9015
20140
17147
3459
22042
32612
18184
32391
9579
16711
24980
1119
12816
32355
13821
14260
16415
22474
23992
32217
29147
4287
10833
25533
15238
7750
14980
21485
13637
7125
31782
25239
18929
4206
30928
18533
3783
22178
31849
28185
32159
5488
3217
12367
23663
19043
31806
6559
24062
2607
16530
31155
5262
19495
13742
30214
10632
17563
14815
5689
20712
3224
7652
1575
3324
6026
9237
662
6461
17852
22492
783
32310
15171
23033
5773
11497
12644
27227
18577
29708
24188
15568
14768
30170
32605
22217
20989
3483
27156
32342
3206
2876
15992
2569
11603
20015
15574
24659
4426
26646
21786
24406
11780
12707
28334
3274
26353
13517
20080
21693
5550
9751
29743
211
19188
4159
22371
22357
18149
1395
3008
15117
11162
16273
7379
10029
6393
11214
6980
11605
27384
26110
25017
5701
18012
28584
15154
2687
22013
31993
3033
2083
21103
10517
22126
29430
17430
23341
15494
23919
25210
1509
15459
16956
12838
2626
13978
30403
15596
1939
2216
32745
17957
21192
27837
4366
29357
25775
15729
28781
22712
16220
1574
20537
29193
26105
1806
24024
26028
7938
5353
30861
19663
25162
16238
32072
14715
5534
4306
389
26619
25632
6606
23803
15824
29121
30979
22928
16078
31081
9736
2057
15523
15688
32578
25786
18438
14480
13642
24690
11247
11902
3531
16096
8507
28048
24885
6714
30253
16051
4693
11379
26552
1054
7966
5126
15834
27008
7409
26779
21214
11572
28571
21888
29279
4367
18713
18074
18060
20487
17127
3408
19237
9367
25947
24668
25537
25676
5725
25501
9785
5816
21543
29177
25026
15027
31592
1664
4797
25174
20644
30404
417
10332
24492
19703
10598
17190
10172
23335
2664
27180
6651
373
25868
18156
19901
1805
10784
24949
27875
31927
7697
5741
31079
2226
8648
4071
23712
23034
30572
30259
21788
27526
20513
1342
29671
470
24046
25856
8598
23651
5195
6383
16888
15270
18748
16209
13044
21494
27208
27700
30398
1020
20553
9799
18934
1787
2664
26774
32069
29103
24454
6014
32602
19119
22487
14259
7597
29182
32728
24807
7235
14358
24527
22766
17610
24772
3988
1414
16506
16056
24414
18310
25468
14219
19009
8588
9099
22410
19630
23977
12421
8139
32026
912
8
27648
16358
25650
18041
1957
2128
30970
16911
5793
19330
3840
4568
17266
16282
25775
26785
28410
3452
9114
7928
20124
4110
22649
18385
4849
23572
27535
18754
14720
16107
23997
24869
28530
21235
30746
6692
27650
11874
22637
32596
6777
11969
9730
30332
4254
5001
19419
14189
13119
5637
21003
30827
29892
5160
9437
125
14548
13143
25996
920
6478
30383
7681
3415
6875
26627
30783
10236
13299
26258
21532
15304
26604
5639
30608
17527
10250
17787
26881
31893
15885
5953
29510
17406
3127
17568
4773
11480
16888
19217
30759
8539
773
30924
20061
28245
21485
13199
18052
12977
12969
20028
4787
19387
2118
28743
7254
31142
22839
22695
3877
25746
21282
13074
14177
3169
1102
21898
2351
17444
25075
29738
19680
11251
933
26134
29571
20452
11121
11875
950
185
13893
18178
7694
19334
713
8348
11433
12532
9572
6301
10338
28535
3159
18423
32610
21556
19696
25817
6464
27870
1847
31098
26151
24594
6445
31418
3396
5254
6212
29591
25424
16502
12527
27180
16773
17852
665
18267
28333
30679
2819
6358
10526
14207
9663
16403
16015
18350
9428
10862
21218
17530
19067
1732
45
12630
11671
16664
13773
27504
13242
21714
30311
10228
22973
20547
332
26065
8256
7966
12355
21791
3076
1048
1914
10677
19265
24482
23362
26901
14429
14353
9687
5686
